0.5  0.866751      0.843146
1.0  1.00043      0.950767
1.5  1.17072      1.09503
2.0  1.4131      1.33295
2.5  1.59639      1.52661
3.0  1.70597      1.64775
3.5  1.77764      1.72987
4.0  1.82656      1.78719
4.5  1.86164      1.8293
5.0  1.88689      1.85964
5.5  1.90637      1.88366
6.0  1.921      1.90179
6.5  1.93239      1.91572
7.0  1.94157      1.9271
7.5  1.94891      1.93583
8.0  1.95502      1.94366
8.5  1.96009      1.94992
9.0  1.96434      1.9552
9.5  1.96796      1.95969
10.0  1.97106      1.96356
11.0  1.97604      1.96981
12.0  1.97986      1.97459
