0.1	0.126848	0.269983
0.3	0.128878	0.273834
0.5	0.130926	0.277782
0.7	0.132859	0.281756
1.0	0.135812	0.288025
1.3	0.138984	0.294802
1.6	0.142644	0.302293
2.0	0.149201	0.313874
2.5	0.167455	0.333664
3.0  0.336014      0.410852
3.5  0.456019      0.490013
4.0  0.528867      0.578714
4.5  0.784281      0.755713
5.0  1.16392      1.00933
5.25  1.38002      1.32427
5.5  1.63418      1.60974
5.75  1.81885      1.80898
6.0  1.8735      1.85887
6.25  1.89958      1.88289
6.5  1.9144      1.89845
7.0  1.93227      1.91755
7.5  1.94349      1.9304
8.0  1.95151      1.93986
8.5  1.95769      1.94728
9.0  1.96264      1.95329
9.5  1.96671      1.95828
10.0  1.97011      1.96247
11.0  1.97547      1.96914
12.0  1.97949      1.97415
