0.1  0.143457      0.284139
0.5  0.151325      0.294937
1.0  0.165346      0.310801
1.5  0.243755      0.350717
2.0  0.399816      0.429062
2.5  0.443113      0.474183
3.0  0.496906      0.544195
3.5  0.603745      0.659063
4.0  0.985573      0.849304
4.5  1.27572      1.13699
5.0  1.73486      1.71891
5.5  1.86973      1.8491
6.0  1.90493      1.88537
6.5  1.92366      1.90636
7.0  1.93656      1.92173
7.5  1.9455      1.9321
8.0  1.95285      1.94126
9.0  1.96322      1.95393
10.0  1.97041      1.96281
11.0  1.97565      1.96935
12.0  1.9796      1.97427
