1.0  0.0035555        0.0035555        0.00711231
2.0  0.0038925        0.0038925        0.00779
3.0  0.00426069        0.00426069        0.0085315
4.0  0.00466456        0.00466456        0.00935256
5.0  0.00512419        0.00512419        0.0103031
6.0  0.00571825        0.00571825        0.0115788
7.0  0.00694894        0.006949        0.0144331
7.5  0.00953512        0.00953519        0.0207891
8.0  0.0779194        0.0779194        0.192995
8.5  0.198        0.198        0.504826
9.0  0.368104        0.368104        0.957501
9.5  0.618027        0.618027        1.63246
9.5	0.618184	0.618184	1.63293
10.0	0.730438	0.730438	1.93957
10.5	0.737584	0.737584	1.95994
11.0	0.740029	0.740029	1.96731
12.0	0.742353	0.742353	1.97465
