1.0  0.0054915        0.0054915        0.0109869
2.0  0.00618962        0.00618962        0.0123934
3.0  0.00699844        0.00699844        0.0140365
4.0  0.00799919        0.00799919        0.0161124
5.0  0.00966688        0.00966688        0.0197587
5.5  0.0120723        0.0120723        0.0253358
6.0  0.0421784        0.0421784        0.0974401
6.5  0.110616        0.110615        0.266105
7.0  0.209995        0.209995        0.524371
7.5  0.343727        0.343727        0.882412
8.0  0.53897        0.53897        1.41149
8.5  0.718953        0.718953        1.90524
9.0	0.732685	0.732685	1.94428
9.5	0.736533	0.736533	1.95585
10.0	0.738659	0.738659	1.96253
11.0	0.741157	0.741157	1.9706
12.0	0.742756	0.742756	1.97587
