1.0  0.0018935        0.0018935        0.003787
2.0  0.002018        0.002018        0.004037
3.0  0.00215        0.00215        0.004301
4.0  0.00228781        0.00228781        0.00457875
5.0  0.00243225        0.00243225        0.00487081
6.0  0.0025845        0.0025845        0.0051795
7.0  0.0027475        0.0027475        0.0055145
8.0  0.002931        0.002931        0.005902
9.0  0.00317325        0.00317325        0.00643625
10.0  0.00367088        0.00367088        0.00762613
11.0  0.0114021        0.0114021        0.0275502
11.5  0.194785        0.194785        0.507339
12.0  0.438346        0.438347        1.15547
