1.0  0.0025225        0.0025225        0.0050455
2.0  0.002718        0.002718        0.0054375
3.0  0.002926        0.002926        0.00585575
4.0  0.003147        0.003147        0.0063025
5.0  0.00338412        0.00338412        0.0067835
6.0  0.00364338        0.00364338        0.00731781
7.0  0.0039505        0.0039505        0.00797013
8.0  0.00441362        0.00441362        0.00901506
9.0  0.00606481        0.00606488        0.0130848
9.5  0.0223167        0.0223167        0.0546818
10.0  0.192169        0.192169        0.496287
10.5  0.39932        0.39932        1.04708
11.0  0.695091        0.695091        1.84481
11.5  0.736611        0.736611        1.95823
12.0  0.740734        0.740734        1.97003
