0.1	0.005318	1.99468
0.3	0.005499	1.9945
0.5	0.005756	1.99424
0.7	0.006087	1.99391
1.0	0.006725	1.99328
1.3	0.007531	1.99247
1.6	0.008504	1.9915
2.0	0.01006	1.98994
2.5	0.012416	1.98758
3.0	0.015224	1.98478
3.5	0.018477	1.98152
4.0	0.0221705	1.97783
5.0	0.030912	1.96909
6.0	0.0419579	1.95804
6.5	0.0500201	1.94998
7.0	0.0991524	1.90085
7.5	0.21386	1.78614
8.0  0.389776 1.61022
8.5  0.625268 1.37473
8.75  0.790268 1.20973
9.0  0.951804 1.0482
9.5  0.990869 1.00913
10.0	0.995769	1.00423
11.0	0.998198	1.0018
12.0	0.998943	1.00106
