0.5  0.0151394        0.0151392        0.0302966
1.0  0.0177944        0.0177944        0.0356538
1.5  0.0228644        0.0228666        0.0459994
2.0  0.0889801        0.0889816        0.183881
2.5  0.103341        0.103347        0.216457
3.0  0.107627        0.107628        0.228714
3.5  0.113215        0.113215        0.244741
4.0  0.147395        0.147395        0.329744
4.5  0.212889        0.212889        0.495556
5.0  0.261916        0.261916        0.630322
5.5  0.386486        0.386486        0.971285
6.0  0.557112        0.557112        1.44459
6.5  0.706296        0.706296        1.86303
7.0  0.723396        0.723396        1.91342
7.5  0.729374        0.729374        1.93195
8.0  0.732894        0.732894        1.94325
9.0  0.737097        0.737097        1.95701
10.0  0.739771        0.739771        1.96588
11.0  0.74164        0.74164        1.9721
12.0  0.743018        0.743018        1.9767
