1.0  0.000646828     0.00160533    0.000492328    0.00142283
2.0  0.000711063     0.00175556    0.000547187    0.00155869
3.0  0.00078     0.001918    0.00060925    0.00170925
4.0  0.000853562     0.00209656    0.000680062    0.00187906
5.0  0.000934797     0.0023023    0.000764797    0.0020803
6.0  0.00103258     0.00257858    0.000884828    0.00236083
7.0  0.00120898     0.0032098    0.00119155    0.00302336
7.5  0.00153152     0.00466077    0.00206608    0.0045122
8.0  0.00927564     0.0422958    0.0380495    0.040126
8.5  0.0304498     0.0873013    0.0539438    0.0834162
9.0  0.0284208     0.160175    0.0700657    0.15496
9.5	0.0109474	0.308354	0.0267828	0.587779
9.5  0.0114046     0.303623    0.0286375    0.590774
10.0	0.039079	0.213185	0.076837	1.07816
10.5	0.0424458	0.201891	0.0830433	1.10629
11.0	0.0418798	0.202109	0.0838053	1.11537
12.0	0.0427388	0.198805	0.0858913	1.12269
