1.0  0.00144381     0.00323006    0.00113331    0.00285006
2.0  0.00170344     0.00372494    0.00135994    0.00330044
3.0  0.00202856     0.00435544    0.00167038    0.00389125
4.0  0.00252797     0.00546809    0.00231178    0.00497291
5.0  0.00900441     0.0358893    0.032765    0.0338476
5.5  0.0125785     0.0535559    0.0498718    0.0499117
6.0  0.0254566     0.0751594    0.0481227    0.0703133
6.5  0.0341488     0.115344    0.0599153    0.106471
7.0  0.0233756     0.189917    0.0673214    0.182317
7.5  0.014863     0.296798    0.0351415    0.68058
8.0  0.0385627     0.214323    0.0755511    1.05658
8.5  0.0428648     0.200821    0.082577    1.08983
9.0  0.042135     0.201207    0.0835085    1.10215
10.0  0.0417749     0.200469    0.0849326    1.11373
11.0  0.0416222     0.199874    0.085765    1.12005
12.0  0.0413777     0.199698    0.0862374    1.12433
