1.0  0.00053225     0.00134175    0.000402    0.0011905
2.0  0.000579     0.0014545    0.00044125    0.00129275
3.0  0.000628313     0.00157519    0.000485313    0.00140419
4.0  0.000680719     0.00170422    0.000534281    0.00152678
5.0  0.000735734     0.00184623    0.000589859    0.00166436
6.0  0.000796469     0.00201297    0.000657781    0.00183128
7.0  0.000873016     0.00225402    0.000760578    0.00208258
8.0  0.00104333     0.00294945    0.00109477    0.00282414
8.5  0.00157708     0.00555339    0.00274689    0.00547345
9.0  0.0141627     0.0601608    0.052696    0.0568175
9.5  0.0350746     0.12017    0.0692627    0.1153
10.0  0.0120564     0.237838    0.0355875    0.275027
10.5  0.0354632     0.226303    0.0706208    1.04989
11.0  0.040922     0.206583    0.0810005    1.10522
12.0  0.0423188     0.200714    0.0847824    1.12126
