0.5  0.00350831     0.00641744    0.00279469    0.00567506
1.0  0.00422614     0.00742645    0.00342633    0.00659977
1.5  0.00532205     0.00938792    0.00495092    0.00846292
2.0  0.010733     0.0370339    0.033946    0.0354101
2.5  0.0121353     0.0440087    0.0409735    0.0418257
3.0  0.012674     0.0470281    0.0431493    0.0443022
3.5  0.0135045     0.0507894    0.0449409    0.0473425
4.0  0.0189969     0.0615275    0.0444839    0.0567581
4.5  0.0290047     0.0834186    0.0459801    0.076445
5.0  0.0344163     0.117666    0.057115    0.105401
5.5  0.025564     0.178892    0.0737836    0.160457
6.0  0.0111577     0.293816    0.0293022    0.413108
6.5  0.0386049     0.21631    0.0720104    0.996811
7.0  0.0404636     0.20585    0.0794858    1.06192
7.5  0.0434847     0.197721    0.0837741    1.08283
8.0  0.0432029     0.198442    0.0842762    1.0946
9.0  0.0433241     0.196953    0.0859713    1.10727
10.0  0.0424622     0.199126    0.0858527    1.11509
11.0  0.0416778     0.200324    0.0859546    1.1204
12.0  0.0414715     0.200261    0.0863055    1.12427
