1.0  0.000289     0.000754    0.000214    0.000671
2.0  0.000306875     0.000799875    0.000228625    0.000712625
3.0  0.0003255     0.0008475    0.000244    0.000757
4.0  0.000344375     0.000897375    0.000260625    0.000803625
5.0  0.000363875     0.000949375    0.000279125    0.000852625
6.0  0.000383328     0.00100283    0.000298078    0.000904578
7.0  0.000403625     0.00105962    0.000319125    0.000961125
8.0  0.000424375     0.00112088    0.000342125    0.00102362
9.0  0.000447594     0.00119509    0.000371344    0.00110084
10.0  0.000477625     0.00130662    0.000415563    0.00122256
11.0  0.00054775     0.00163225    0.000553    0.0015855
11.5  0.000711156     0.00249416    0.000969406    0.00252341
12.0  0.0113117     0.0502572    0.0445349    0.048255
