1.0  0.0323685     0.18285    0.0535777    0.228665
1.5  0.0315118     0.210298    0.0541959    0.313482
2.0  0.0374227     0.20461    0.0652527    0.537016
3.0  0.0444879     0.180193    0.0831405    0.849017
4.0  0.0442705     0.182973    0.086354    0.972666
4.5  0.0446623     0.185824    0.086431    1.00817
5.0  0.0442958     0.187365    0.0869615    1.03335
5.5  0.0439411     0.190462    0.0864017    1.0533
6.0  0.043273     0.193516    0.0858605    1.06796
6.5  0.0429489     0.194595    0.0860627    1.07898
7.0  0.0418619     0.19785    0.0855157    1.08762
7.5  0.043026     0.194073    0.0872409    1.09455
8.0  0.0415096     0.198389    0.0860476    1.10064
8.5  0.0413853     0.198537    0.086263    1.10556
9.0  0.0412915     0.198644    0.0864522    1.10968
9.5  0.0412102     0.198743    0.0866145    1.11315
10.0  0.0411044     0.198828    0.0867363    1.11618
11.0  0.0409303     0.198988    0.086937    1.12101
12.0  0.0407649     0.199077    0.0871076    1.1247
