0.1  0.0125235     0.0428634    0.0354472    0.0415733
0.5  0.0131031     0.0447502    0.036764    0.0429759
1.0  0.0140279     0.0476844    0.0382902    0.0452249
1.5  0.0178533     0.0548327    0.0381581    0.0514081
2.0  0.0245934     0.0685555    0.0379303    0.0638878
3.0  0.0302879     0.0960419    0.0483647    0.0854875
3.5  0.0356084     0.12437    0.0589159    0.11021
4.0  0.0255333     0.172195    0.0782435    0.150161
4.5  0.0215512     0.234255    0.0687079    0.254708
5.0  0.0259918     0.251415    0.0553146    0.825579
5.5  0.0415599     0.20169    0.0786132    1.00843
6.0  0.0426363     0.196763    0.0826881    1.0487
6.5  0.0418353     0.196306    0.0842808    1.06909
7.0  0.0424473     0.198632    0.0839906    1.08246
7.5  0.042032     0.195698    0.0860019    1.09147
8.0  0.0418544     0.199284    0.0850152    1.09864
9.0  0.041584     0.199152    0.0857962    1.10883
10.0  0.0413988     0.199125    0.086291    1.11578
11.0  0.0411549     0.199222    0.0865944    1.12083
12.0  0.0410577     0.199073    0.08691    1.12466
