1.0  0.000330375     0.000856875    0.000245625    0.000762125
2.0  0.00035225     0.00091275    0.0002635    0.000813
3.0  0.00037525     0.00097125    0.000283    0.000867
4.0  0.000398875     0.00103237    0.000303875    0.000924375
5.0  0.000422875     0.00109637    0.000326875    0.000985375
6.0  0.00044775     0.00116325    0.00035125    0.00105075
7.0  0.000473     0.0012355    0.0003785    0.001123
8.0  0.000500313     0.00131881    0.000411063    0.00120856
9.0  0.00053375     0.00143325    0.00045725    0.00133075
10.0  0.000594547     0.00169205    0.000565547    0.00161605
11.0  0.00146973     0.00626505    0.00336761    0.00632042
11.5  0.0308925     0.0885847    0.0576613    0.0858489
12.0  0.0179369     0.192716    0.0505609    0.203263
