1.0  0.00220389     0.00452939    0.00174964    0.00399614
2.0  0.00279975     0.005516    0.00228025    0.004901
3.0  0.00386908     0.0076497    0.00375077    0.00694002
3.5  0.00640042     0.0200607    0.0162939    0.0188645
4.0  0.0119496     0.0468237    0.0444179    0.0440381
4.5  0.012986     0.0521352    0.0478765    0.0485636
5.0  0.0198336     0.0649323    0.0469157    0.0601377
5.5  0.0314777     0.0926542    0.0498779    0.0853666
6.0  0.031902     0.145109    0.0678735    0.132611
6.5  0.0166635     0.237062    0.0504569    0.256763
7.0  0.0284923     0.245085    0.0597909    0.928542
7.5  0.0419193     0.204369    0.0795892    1.06269
8.0	0.0413586	0.203989	0.0816078	1.08735
8.5	0.043155	0.197596	0.0848858	1.09843
9.0	0.0420404	0.200253	0.0844798	1.10578
10.0	0.041669	0.199891	0.0854548	1.11472
11.0	0.0415555	0.199398	0.0861234	1.12043
12.0	0.041257	0.199543	0.0864363	1.12445
