1.0  0.00104886     0.00246586    0.000813859    0.00217886
2.0  0.0011945     0.0027715    0.0009405    0.0024565
3.0  0.00136067     0.00312517    0.00109442    0.00278592
4.0  0.00155989     0.00356977    0.00130064    0.00321352
5.0  0.00185987     0.00435988    0.00171688    0.00400288
5.5  0.00221355     0.00560173    0.00253311    0.0052468
6.0  0.00553652     0.0215071    0.0173481    0.0204355
6.5  0.0131981     0.0569565    0.0517166    0.0531494
7.0  0.0312777     0.0890404    0.0516526    0.0841102
7.5  0.0305925     0.150221    0.0702493    0.141562
8.0  0.010203     0.275965    0.0292415    0.35924
8.5  0.0357782     0.225448    0.0703375    1.03558
9.0	0.0407275	0.206855	0.08027	1.0904
9.5	0.0430075	0.199174	0.0843058	1.10424
10.0	0.0417816	0.201486	0.0841116	1.1117
11.0	0.0417963	0.200154	0.0854074	1.11942
12.0	0.0417829	0.199348	0.086197	1.12404
