2.0  0.0344889     0.131362    0.0665245    0.125348
2.5  0.0276296     0.159166    0.0841733    0.154343
3.0  0.0288195     0.176851    0.0960115    0.187168
3.5  0.0183702     0.279732    0.0397209    0.52526
4.0  0.0382927     0.204738    0.0738498    0.890109
4.5  0.0426237     0.193368    0.0813119    0.978882
5.0  0.0430766     0.191778    0.0838635    1.02018
5.5  0.0445539     0.191933    0.0848344    1.04558
6.0  0.0436793     0.192858    0.085551    1.06335
6.5  0.0423118     0.198203    0.084377    1.07617
7.0  0.0433055     0.194182    0.086391    1.08584
7.5  0.041845     0.198577    0.0853158    1.09373
8.0  0.0417325     0.198556    0.0856879    1.1
8.5  0.0415704     0.198703    0.0859604    1.10512
9.0  0.0414285     0.198818    0.0862007    1.10938
9.5  0.041365     0.198798    0.0864226    1.11297
10.0  0.0412935     0.198817    0.0865956    1.11603
11.0  0.0410325     0.199071    0.0867968    1.12094
12.0  0.0408546     0.199147    0.0869966    1.12467
