1.0  -0.0231275     -0.0420759    0.0210963    0.0546678
1.5  -0.0229227     -0.0653987    0.02097    0.115247
2.0  -0.0233773     -0.0724178    0.0212326    0.337532
3.0  -0.0258619     -0.0675235    0.0220591    0.646803
4.0  -0.0274385     -0.0733973    0.022965    0.753925
4.5  -0.0271029     -0.075578    0.0230023    0.782119
5.0  -0.0276296     -0.0776537    0.0233757    0.802703
5.5  -0.027778     -0.0798087    0.023468    0.817317
6.0  -0.0283582     -0.0824963    0.0236974    0.826788
6.5  -0.0287908     -0.0839437    0.0239317    0.835436
7.0  -0.0298585     -0.0880504    0.0240874    0.838687
7.5  -0.0289573     -0.0845658    0.0243264    0.849603
8.0  -0.0303065     -0.0892103    0.0244202    0.849409
8.5  -0.0304785     -0.0895573    0.0245486    0.853562
9.0  -0.0306333     -0.089849    0.0246597    0.857066
9.5  -0.0307455     -0.0900206    0.024745    0.860171
10.0  -0.0308643     -0.0902238    0.0248203    0.862638
11.0  -0.0310608     -0.0905156    0.024958    0.866806
12.0  -0.0312069     -0.0906998    0.0250771    0.869989
