0.1	0.0108695	0.0181185	0.0147974	0.0181057
0.3	0.0110456	0.0184042	0.0151235	0.018389
0.5	0.0112239	0.0186999	0.0154278	0.0186826
0.7	0.0113932	0.0189872	0.0157046	0.0189674
1.0	0.01165	0.0194394	0.016097	0.0194158
1.3	0.0119215	0.0199394	0.0164821	0.0199119
1.6	0.0122229	0.0205271	0.0168943	0.0204955
2.0	0.0127261	0.0215859	0.0175827	0.0215476
2.5	0.0138831	0.0244397	0.0194032	0.0243894
3.0  0.0213114     0.0488746    0.0341666    0.0488238
3.5  0.0264182     0.0672466    0.0429074    0.0671586
4.0  0.0304932     0.0822304    0.0463107    0.0820209
4.5  0.0314089     0.134837    0.0390634    0.134937
5.0  0.0204954     0.237354    0.0219498    0.237253
5.25  0.0102985     0.328579    0.0103958    0.329408
5.5  0.0129154     0.435744    0.0130201    0.531039
5.75  0.0317742     0.368742    0.0323775    0.831688
6.0  0.0351811     0.360458    0.0365484    0.914047
6.25  0.0403486     0.339792    0.0411758    0.961758
6.5  0.039792     0.344875    0.0409235    0.97684
7.0  0.0408715     0.342268    0.042361    0.997699
7.5  0.0404734     0.346926    0.0424127    1.00523
8.0  0.0405965     0.346686    0.0428537    1.01266
8.5  0.0406413     0.346924    0.0430974    1.01782
9.0  0.0406445     0.347104    0.0432809    1.02185
9.5  0.0406328     0.347233    0.0434381    1.02513
10.0  0.0406245     0.347373    0.0435608    1.02781
11.0  0.0405494     0.34747    0.0437579    1.03213
12.0  0.0404271     0.347522    0.0438873    1.03544
