1.0  0.00014425     0.00065125    0.00014425    0.00065125
2.0  0.000154125     0.000692625    0.000154125    0.000692625
3.0  0.000164875     0.000736375    0.000164875    0.000736375
4.0  0.000176188     0.000782187    0.000176188    0.000782187
5.0  0.000187828     0.000830328    0.000187828    0.000830328
6.0  0.000199875     0.000881375    0.000199875    0.000881375
7.0  0.00021325     0.00093675    0.00021325    0.00093675
8.0  0.000228063     0.00100056    0.000228063    0.00100056
9.0  0.000247469     0.00108891    0.000247469    0.00108891
10.0  0.000288359     0.00127836    0.000288359    0.00127836
11.0  0.00103644     0.003322    0.00105863    0.00332231
11.5  0.0302708     0.0607269    0.0351833    0.0607294
12.0  0.0164248     0.211677    0.0168427    0.211574
