1.0  0.000470625     0.00176612    0.000469375    0.00176587
2.0  0.000540609     0.00197061    0.000538859    0.00196986
3.0  0.000623328     0.00220583    0.000620578    0.00220508
4.0  0.000727125     0.00249575    0.000723312    0.00249494
5.0  0.000902297     0.0029628    0.000898047    0.00296155
5.5  0.0011573     0.00353111    0.00116467    0.00352948
6.0  0.00441077     0.00826958    0.00507889    0.00826408
6.5  0.0124145     0.0204607    0.0156056    0.0204375
7.0  0.0307562     0.069175    0.0400242    0.0691601
7.5  0.0291705     0.151033    0.0321352    0.151148
8.0  0.00911592     0.336588    0.00921898    0.339677
8.5  0.0325499     0.38145    0.0335083    0.916949
9.0	0.0388978	0.354095	0.0405838	0.998362
9.5	0.0420872	0.338605	0.0440438	1.02266
10.0	0.0405797	0.347199	0.0429641	1.02439
11.0	0.0409509	0.345759	0.0437114	1.03209
12.0	0.0410648	0.345013	0.0440591	1.03658
