1.0  4.85e-05     5.45e-05    -4.65e-05    -5.25e-05
2.0  5.1e-05     5.8e-05    -4.875e-05    -5.575e-05
3.0  5.3e-05     6.05e-05    -5.05e-05    -5.8e-05
4.0  5.425e-05     6.275e-05    -5.15e-05    -6e-05
5.0  5.4875e-05     6.4375e-05    -5.1875e-05    -6.1375e-05
6.0  5.4875e-05     6.4875e-05    -5.0875e-05    -6.1875e-05
7.0  5.2875e-05     6.4375e-05    -4.8625e-05    -6.1125e-05
8.0  4.76875e-05     6.16875e-05    -4.31875e-05    -5.81875e-05
9.0  3.07187e-05     5.22187e-05    -2.67188e-05    -4.82188e-05
10.0  -0.000154125     2.84375e-06    0.000127    -2.71875e-06
10.5  -0.010664     0.000563016    0.00140602    -0.000420797
11.0  -0.0311802     0.00424089    0.0233452    -0.00475611
11.5  -0.00673369     -0.052466    0.00628591    0.0832901
12.0  -0.0240174     -0.0837321    0.0201131    0.803966
