1.0  0.000285875     0.00118488    0.000285625    0.00118462
2.0  0.000316     0.0012905    0.00031575    0.00129025
3.0  0.000349125     0.00140513    0.000348875    0.00140488
4.0  0.000385453     0.00153195    0.000384953    0.00153145
5.0  0.000427109     0.00167711    0.000426609    0.00167661
6.0  0.000481234     0.00186873    0.000480234    0.00186873
7.0  0.000594844     0.00226134    0.000594344    0.00226084
7.5  0.000848703     0.00294264    0.000854203    0.00294214
8.0  0.00844356     0.0139027    0.0100476    0.0138944
8.5  0.0299726     0.062649    0.0365559    0.0626439
9.0  0.0269728     0.164206    0.0290943    0.164286
9.5	0.00969369	0.432404	0.00973488	0.489214
9.5  0.0102414     0.42909    0.0103099    0.492271
10.0	0.0368811	0.361941	0.0383344	0.976579
10.5	0.0412968	0.342624	0.043214	1.02084
11.0	0.0407115	0.346733	0.0430348	1.0275
12.0	0.0420607	0.340304	0.0446189	1.03836
