0.5  0.000385094     0.000358594    -0.000178156    -0.000300656
1.0  0.000448703     0.000396703    -0.000172297    -0.000326297
1.5  0.000352641     0.000438859    -0.000174484    -0.000352266
2.0  -0.00795988     0.000647313    -0.00106184    -0.000460844
2.5  -0.00959625     0.0008235    -0.0013245    -0.000572625
3.0  -0.00983603     0.000999562    -0.00130469    -0.000691156
3.5  -0.0101187     0.0012502    -0.000850141    -0.000859703
4.0  -0.0142203     0.00216378    0.00841634    -0.00158162
4.5  -0.0252767     0.00477452    0.0293926    -0.0037787
5.0  -0.03036     0.00995589    0.0324166    -0.0083302
5.5  -0.0205869     0.00576508    0.013806    -0.00699217
6.0  -0.00859512     -0.0505876    0.00757709    0.0775167
6.5  -0.0202272     -0.0769977    0.0176422    0.706596
7.0  -0.0255905     -0.0834312    0.0210209    0.796326
7.5  -0.0255743     -0.0798289    0.0220307    0.830368
8.0  -0.0266384     -0.0822909    0.0227033    0.841928
9.0  -0.0276092     -0.0836495    0.0235053    0.85642
10.0  -0.0287485     -0.087025    0.0239467    0.860945
11.0  -0.0297301     -0.0896154    0.0242805    0.863994
12.0  -0.030073     -0.0901576    0.0245286    0.867637
