1.0  5.5875e-05     6.3875e-05    -5.3375e-05    -6.1375e-05
2.0  5.8875e-05     6.7875e-05    -5.5875e-05    -6.4875e-05
3.0  6.15e-05     7.1e-05    -5.75e-05    -6.8e-05
4.0  6.2875e-05     7.3875e-05    -5.8375e-05    -7.0375e-05
5.0  6.325e-05     7.575e-05    -5.825e-05    -7.175e-05
6.0  6.2125e-05     7.6125e-05    -5.6625e-05    -7.1625e-05
7.0  5.7875e-05     7.4375e-05    -5.1875e-05    -6.9375e-05
8.0  4.3875e-05     6.7375e-05    -3.7625e-05    -6.2125e-05
9.0  -5.47813e-05     3.52188e-05    4.85313e-05    -3.14687e-05
9.5  -0.00160808     3.96094e-05    0.000713016    -3.49844e-05
10.0  -0.0271954     0.00252586    0.0200846    -0.00234995
10.5  -0.0210939     -0.00106539    0.016438    -0.000674016
11.0  -0.0169994     -0.09382    0.0141072    0.551586
11.5  -0.0243473     -0.0816974    0.0209379    0.829568
12.0  -0.0259817     -0.0829115    0.0223148    0.85539
