1.0  0.000119125     0.000142125    -0.000102375    -0.000131375
2.0  0.000129156     0.000155844    -0.000107656    -0.000142344
3.0  0.000136234     0.000167266    -0.000108016    -0.000150984
4.0  0.000135125     0.000175125    -0.000100125    -0.000155125
5.0  9.3e-05     0.0001745    -5.95e-05    -0.000151
5.5  -5.92344e-05     0.000170234    2.89844e-05    -0.000144484
6.0  -0.00313747     0.000341062    0.000336531    -0.000263375
6.5  -0.0110567     0.00106166    0.000531313    -0.000762563
7.0  -0.0288185     0.00414478    0.027823    -0.0036925
7.5  -0.0266931     0.0059768    0.0209903    -0.00672236
8.0  -0.00853225     -0.0392006    0.00735094    0.0545041
8.5  -0.0221441     -0.0866515    0.0182918    0.730878
9.0	-0.0258534	-0.0845657	0.0213845	0.822006
9.5	-0.0261587	-0.0818075	0.0224691	0.847962
10.0	-0.0279768	-0.0859842	0.0230317	0.85317
11.0	-0.028893	-0.0870348	0.0237228	0.862918
12.0	-0.0293553	-0.0875707	0.0241349	0.868324
