0.1  -0.0090445     0.00068925    0.000452687    -0.000526063
0.5  -0.00919466     0.000877187    0.000268    -0.000648531
1.0  -0.00933044     0.00115438    0.000318344    -0.000829844
1.5  -0.011461     0.00166855    0.00596905    -0.00120145
2.0  -0.0191622     0.00274806    0.0212059    -0.00207972
3.0  -0.0251135     0.00671006    0.0286469    -0.00492416
3.5  -0.029393     0.0108252    0.0317681    -0.00882362
4.0  -0.0187018     0.00846353    0.00960378    -0.0090775
4.5  -0.015598     -0.0163267    0.00964752    0.011756
5.0  -0.0177477     -0.0885079    0.0147792    0.487026
5.5  -0.0231206     -0.0757434    0.0198878    0.749442
6.0  -0.0255665     -0.0784253    0.0217015    0.799445
6.5  -0.0277877     -0.081851    0.0228232    0.820868
7.0  -0.027689     -0.0839833    0.0229565    0.831582
7.5  -0.0288792     -0.0840481    0.0237084    0.843305
8.0  -0.029098     -0.0872833    0.0236845    0.845782
9.0  -0.029781     -0.0884668    0.0241541    0.855224
10.0  -0.0302034     -0.0891579    0.0244489    0.861643
11.0  -0.0305367     -0.0896896    0.0246836    0.866161
12.0  -0.0307102     -0.0898856    0.0248374    0.869682
