1.0  0.000196125     0.000857125    0.000196125    0.000857125
2.0  0.0002125     0.0009205    0.0002125    0.0009205
3.0  0.000229937     0.000987938    0.000229937    0.000987938
4.0  0.0002485     0.00106    0.0002485    0.00106
5.0  0.000268719     0.00113728    0.000268469    0.00113703
6.0  0.000290594     0.00122309    0.000290344    0.00122284
7.0  0.000316375     0.00132737    0.000316125    0.00132712
8.0  0.000355516     0.0014912    0.000355266    0.00149095
9.0  0.000502734     0.0020433    0.000502859    0.00204317
9.5  0.00219883     0.00532445    0.00233645    0.00532445
10.0  0.0293876     0.0594269    0.0350515    0.0594265
10.5  0.0226461     0.182726    0.0237964    0.182706
11.0  0.0220678     0.427839    0.0225935    0.760345
11.5  0.0400842     0.348767    0.0416094    1.00861
12.0  0.041695     0.342831    0.0435546    1.0303
