2.0  -0.0234966     0.00604756    0.019568    -0.00666956
2.5  -0.0186957     0.00352303    0.00711819    -0.00717125
3.0  -0.0200531     -0.00820855    0.00916352    2.11094e-05
3.5  -0.0125533     -0.0790531    0.0113332    0.175209
4.0  -0.0221884     -0.0733113    0.0186787    0.630135
4.5  -0.0246143     -0.0737694    0.0208975    0.738925
5.0  -0.0262627     -0.0766214    0.0221221    0.781936
5.5  -0.025852     -0.0772525    0.0222717    0.806273
6.0  -0.0271662     -0.0800247    0.0230446    0.822056
6.5  -0.0286223     -0.0859357    0.0233278    0.82734
7.0  -0.0281281     -0.082878    0.0237527    0.841269
7.5  -0.029516     -0.0877959    0.0239236    0.842774
8.0  -0.0297855     -0.0882097    0.0241317    0.848476
8.5  -0.0300548     -0.088799    0.0243112    0.852798
9.0  -0.0302705     -0.0892544    0.0244547    0.856408
9.5  -0.0303921     -0.0894242    0.0245657    0.859643
10.0  -0.030519     -0.0896277    0.0246726    0.862421
11.0  -0.0308351     -0.0901528    0.0248369    0.866545
12.0  -0.0310224     -0.090409    0.0249828    0.869812
