1.0  4.2625e-05     4.7125e-05    -4.1125e-05    -4.5625e-05
2.0  4.4375e-05     4.9875e-05    -4.2875e-05    -4.8375e-05
3.0  4.6125e-05     5.2125e-05    -4.4375e-05    -5.0375e-05
4.0  4.7375e-05     5.3875e-05    -4.5375e-05    -5.1875e-05
5.0  4.8e-05     5.55e-05    -4.575e-05    -5.325e-05
6.0  4.825e-05     5.625e-05    -4.575e-05    -5.375e-05
7.0  4.7375e-05     5.6375e-05    -4.4625e-05    -5.3625e-05
8.0  4.5125e-05     5.5125e-05    -4.2125e-05    -5.2125e-05
9.0  3.8875e-05     5.1375e-05    -3.5625e-05    -4.8125e-05
10.0  1.74375e-05     3.84375e-05    -1.46875e-05    -3.56875e-05
11.0  -0.000625281     -3.5375e-05    0.000414438    2.94063e-05
11.5  -0.0275771     0.00226361    0.019447    -0.0021612
12.0  -0.0154316     -0.00764572    0.0124736    0.00666109
