1.0  0.000236984     0.000260984    -0.000155734    -0.000227734
2.0  0.000279375     0.000298437    -0.000153875    -0.000253812
3.0  0.000181031     0.000338312    -0.000108281    -0.000276812
3.5  -0.00283178     0.000474281    -0.000394094    -0.000358281
4.0  -0.00944606     0.000915844    -0.00138066    -0.000636188
4.5  -0.0102     0.00115742    -0.000950734    -0.000798109
5.0  -0.0159998     0.00219169    0.0100949    -0.00167503
5.5  -0.0284012     0.00575344    0.0313544    -0.00481547
6.0  -0.0274363     0.00870002    0.0227271    -0.00866358
6.5  -0.013385     -0.014698    0.00995092    0.01315
7.0  -0.0190476     -0.0885171    0.0155497    0.589445
7.5  -0.0235227     -0.0787184    0.0203291    0.796907
8.0	-0.0266846	-0.0849769	0.021942	0.825504
8.5	-0.026631	-0.0818923	0.0227682	0.845659
9.0	-0.0281586	-0.0857503	0.02322	0.850148
10.0	-0.0292397	-0.0876672	0.0238478	0.859085
11.0	-0.0297	-0.0882069	0.0242218	0.86513
12.0	-0.0302071	-0.0890732	0.0244995	0.868821
