1.0  0.00103297     0.00307347    0.00102097    0.00307147
2.0  0.00135061     0.00367786    0.00132873    0.00367498
3.0  0.00201972     0.00478934    0.00202634    0.00478472
3.5  0.00494731     0.00897525    0.00614175    0.00896481
4.0  0.0111495     0.0174325    0.014953    0.0174036
4.5  0.012217     0.0197939    0.0162768    0.0197578
5.0  0.0190527     0.038899    0.0268636    0.0388545
5.5  0.0306657     0.0759542    0.0438588    0.0758893
6.0  0.0304357     0.141619    0.0349661    0.141738
6.5  0.0147291     0.2706    0.015244    0.27022
7.0  0.0256772     0.405345    0.0265227    0.791197
7.5  0.0399913     0.344458    0.0410343    0.97764
8.0	0.0396065	0.35125	0.04131	0.999379
8.5	0.0423419	0.33702	0.0442553	1.01908
9.0	0.0408695	0.345354	0.043122	1.02079
10.0	0.0406894	0.34697	0.0434316	1.02735
11.0	0.0407908	0.34635	0.0437889	1.03261
12.0	0.0405634	0.347109	0.0438594	1.0356
