0.5  0.00173619     0.00423637    0.00169494    0.00423213
1.0  0.00215947     0.00485259    0.00210422    0.00484734
1.5  0.00291178     0.00589909    0.00293872    0.00589216
2.0  0.0098772     0.0160491    0.0137326    0.0160275
2.5  0.0114093     0.0183254    0.0158788    0.0182964
3.0  0.0119654     0.0194095    0.0164904    0.0193747
3.5  0.0127463     0.0213836    0.0175068    0.0213397
4.0  0.018277     0.0377284    0.027197    0.0376719
4.5  0.0280438     0.0694815    0.0437578    0.0694015
5.0  0.0332502     0.0973976    0.0457106    0.0972824
5.5  0.0232529     0.188433    0.025142    0.188527
6.0  0.00967917     0.368053    0.0097503    0.37486
6.5  0.0352116     0.359177    0.0357108    0.896407
7.0  0.0384923     0.352875    0.0400612    0.973316
7.5  0.0423645     0.33592    0.043756    1.00569
8.0  0.0420493     0.339044    0.0435294    1.01497
9.0  0.0427166     0.337461    0.0446126    1.02695
10.0  0.0416337     0.344357    0.043822    1.02935
11.0  0.0407694     0.349507    0.0434569    1.03035
12.0  0.0406663     0.349555    0.0436099    1.03365
