1.0  7.775e-05     9.125e-05    -7.175e-05    -8.625e-05
2.0  8.275e-05     9.775e-05    -7.525e-05    -9.225e-05
3.0  8.625e-05     0.00010375    -7.75e-05    -9.7e-05
4.0  8.7875e-05     0.000107875    -7.7375e-05    -0.000100375
5.0  8.65938e-05     0.000110094    -7.45938e-05    -0.000101094
6.0  7.67812e-05     0.000107781    -6.30312e-05    -9.80313e-05
7.0  2.34688e-05     9.29687e-05    -1.49688e-05    -8.24687e-05
7.5  -0.000167875     7.19375e-05    0.000118437    -6.2625e-05
8.0  -0.00752525     0.000513813    0.000630406    -0.000381906
8.5  -0.0279657     0.00308434    0.0231465    -0.00282716
9.0  -0.0249032     0.00304277    0.0191829    -0.00449936
9.5	-0.00874988	-0.0830176	0.00802494	0.205939
9.5  -0.00927245     -0.0817237    0.00838508    0.212458
10.0	-0.0241253	-0.0839687	0.0200807	0.795678
10.5	-0.0256639	-0.0820952	0.0219929	0.844691
11.0	-0.027428	-0.0852675	0.0228015	0.854978
12.0	-0.0278814	-0.0848453	0.0235936	0.867369
