1.0  0.000234187     0.00100019    0.000234187    0.00100019
2.0  0.000255875     0.00108088    0.000255875    0.00108088
3.0  0.000279375     0.00116788    0.000279125    0.00116763
4.0  0.000304875     0.00126137    0.000304625    0.00126112
5.0  0.000332703     0.0013642    0.000332453    0.00136395
6.0  0.000364641     0.00148514    0.000364391    0.00148489
7.0  0.000408516     0.00165652    0.000408266    0.00165627
8.0  0.000525859     0.00208867    0.000525609    0.00208842
8.5  0.000972297     0.00321042    0.000986297    0.00321042
9.0  0.0133513     0.0226146    0.0162374    0.0226013
9.5  0.0344696     0.107076    0.0404476    0.107161
10.0  0.0109187     0.275855    0.0110992    0.276081
10.5  0.0324535     0.383824    0.0335569    0.927101
11.0  0.0394713     0.352602    0.0413471    1.0123
12.0  0.0412995     0.343729    0.0437649    1.03491
