1.0  6.5375e-05     7.5375e-05    -6.1375e-05    -7.2375e-05
2.0  6.90469e-05     8.05469e-05    -6.42969e-05    -7.67969e-05
3.0  7.2e-05     8.5e-05    -6.65e-05    -8.05e-05
4.0  7.3625e-05     8.8625e-05    -6.7125e-05    -8.3125e-05
5.0  7.37656e-05     9.02656e-05    -6.60156e-05    -8.45156e-05
6.0  7.03281e-05     9.03281e-05    -6.18281e-05    -8.38281e-05
7.0  5.88438e-05     8.53438e-05    -4.95938e-05    -7.80937e-05
8.0  -8.6875e-06     6.33437e-05    1.05312e-05    -5.65e-05
8.5  -0.000378766     3.39531e-05    0.000249984    -3.01719e-05
9.0  -0.0122751     0.000862031    0.00211547    -0.000648875
9.5  -0.031651     0.00525387    0.0253299    -0.00542297
10.0  -0.0102514     -0.0211354    0.00854867    0.0240508
10.5  -0.02243     -0.0875208    0.0184074    0.741821
11.0  -0.0260166     -0.0845741    0.0216107    0.83632
12.0  -0.0276185     -0.0850532    0.0231867    0.862948
