1.0  0.000166875     0.000743375    0.000166875    0.000743375
2.0  0.000179625     0.000794125    0.000179625    0.000794125
3.0  0.000192938     0.000847937    0.000192938    0.000847937
4.0  0.000207281     0.000904781    0.000207281    0.000904781
5.0  0.000222375     0.000964875    0.000222375    0.000964875
6.0  0.000238266     0.00102977    0.000238266    0.00102977
7.0  0.000256     0.001103    0.000256    0.001103
8.0  0.000278109     0.00119661    0.000277859    0.00119636
9.0  0.000316     0.0013655    0.00031575    0.00136525
10.0  0.000558547     0.00222648    0.000560297    0.00222623
10.5  0.0116026     0.01925    0.0139392    0.019242
11.0  0.0343938     0.118246    0.0391361    0.118338
11.5  0.00719981     0.367177    0.00721262    0.375469
12.0  0.0371951     0.36103    0.0387743    0.98507
