1.0  0.000657078     0.00226108    0.000653578    0.00226058
2.0  0.000785812     0.00257981    0.000780313    0.00257831
3.0  0.000954484     0.00297698    0.000945734    0.00297523
4.0  0.00124359     0.00360403    0.00123534    0.00360178
5.0  0.00791697     0.0128202    0.00993291    0.0128048
5.5  0.0117171     0.0188453    0.0151717    0.018817
6.0  0.0247844     0.0528558    0.0339006    0.0528231
6.5  0.0334272     0.0982592    0.0428254    0.0982692
7.0  0.0215177     0.202343    0.0227743    0.202307
7.5  0.0131689     0.440094    0.0133238    0.557005
8.0  0.0360805     0.36478    0.0372933    0.954845
8.5  0.0415892     0.340276    0.0430182    1.00773
9.0  0.0408825     0.344706    0.0428185    1.01754
10.0  0.0406857     0.346905    0.0432689    1.02652
11.0  0.0407417     0.346728    0.0436472    1.03206
12.0  0.0406322     0.346843    0.0438346    1.03568
