0.1	0.000324	0.0013125	0.00032375	0.00131225
0.3	0.000331375	0.00133738	0.000331125	0.00133712
0.5	0.000339125	0.00136312	0.000338875	0.00136287
0.7	0.000347125	0.00138913	0.000346875	0.00138887
1.0	0.00035925	0.00142925	0.000359	0.001429
1.3	0.000372016	0.00147052	0.000371766	0.00147027
1.6	0.00038525	0.00151325	0.00038475	0.00151275
2.0	0.000403375	0.00157238	0.000402875	0.00157188
2.5	0.00042775	0.00164925	0.00042675	0.00164925
3.0	0.00045325	0.00173125	0.000452	0.001731
3.5	0.000480375	0.00181838	0.000479125	0.00181813
4.0	0.000510125	0.00191263	0.000508875	0.00191238
5.0	0.00058175	0.00214125	0.00058	0.0021405
6.0	0.000711562	0.00254406	0.000709812	0.00254331
6.5	0.000929641	0.00309864	0.000933891	0.00309789
7.0	0.00460545	0.00861377	0.00523995	0.00860939
7.5	0.0165837	0.0301438	0.0203574	0.0301226
8.0  0.0340389     0.100859    0.0409593    0.100912
8.5  0.0159414     0.227486    0.0163938    0.227345
8.75  0.00827583     0.38477    0.00830508    0.399498
9.0  0.0252736     0.412387    0.025993    0.806701
9.5  0.0388531     0.352765    0.0403671    0.994956
10.0	0.0418261	0.341548	0.043445	1.02181
11.0	0.0429568	0.33698	0.0450159	1.03593
12.0	0.0430151	0.337378	0.0453053	1.04037
