1.0  0.000272051        0.000743176       0.000158613       0.000608738
2.0  0.000298141        0.000810391       0.000178109       0.000666109
3.0  0.000325406        0.000882656       0.000200781       0.000730031
4.0  0.000353691        0.000961066       0.000227566       0.000802441
5.0  0.000383773        0.0010499       0.000260555       0.00088868
6.0  0.000416844        0.00116572       0.00030975       0.00100837
7.0  0.000462691        0.00141427       0.000438988       0.00127982
7.5  0.000511117        0.00193682       0.000789289       0.00183227
8.0  0.000667176        0.0143065       0.0123395       0.0133142
8.5  0.00112275        0.0390298       0.0341982       0.0351014
9.0  0.00139679        0.0826166       0.0343814       0.0775619
9.5  0.000775277        0.142316       0.0139294       0.37699
9.5	0.000785332	0.143681	0.0131419	0.372218
10.0	0.00692739	0.101797	0.0388332	0.911523
10.5	0.00810367	0.0950813	0.0425607	0.954129
11.0	0.00693386	0.0945768	0.0431108	0.963205
12.0	0.00725916	0.0923545	0.0444244	0.973947
