0.5  0.00396041        0.073202       0.0310017       0.110309
1.0  0.00381532        0.0826829       0.031487       0.144046
1.5  0.00348229        0.0924611       0.0312716       0.215899
2.0  0.00615499        0.0914848       0.0355375       0.43796
2.5  0.00900943        0.0862539       0.0409011       0.6366
3.0  0.00888879        0.0859815       0.0427719       0.742933
3.5  0.00853717        0.0864562       0.0437416       0.808949
4.0  0.00820928        0.086994       0.0443579       0.852349
4.5  0.00855758        0.0880497       0.0444072       0.881988
5.0  0.00817551        0.0883595       0.0447679       0.903334
5.5  0.00792755        0.0894218       0.0445485       0.918999
6.0  0.00722618        0.0905209       0.0443092       0.929509
6.5  0.00687705        0.0907042       0.0444804       0.938513
7.0  0.00569492        0.0919691       0.0441717       0.942508
7.5  0.00694625        0.090051       0.0451991       0.952877
8.0  0.00535622        0.0918965       0.0445298       0.953609
8.5  0.00522455        0.0918417       0.044672       0.957905
9.0  0.00511542        0.0918001       0.0447956       0.961502
9.5  0.00504349        0.0917149       0.0449104       0.964679
10.0  0.00494465        0.0917058       0.0449954       0.967247
11.0  0.00479086        0.0916078       0.0451544       0.971551
12.0  0.00464513        0.0914923       0.0452868       0.974909
