0.1	0.000958309	0.0146199	0.0124645	0.0140438
0.3	0.000998176	0.0148616	0.0126249	0.0142
0.5	0.00104498	0.0151144	0.0127865	0.0143647
0.7	0.00109527	0.0153715	0.0129424	0.0145318
1.0	0.00118073	0.0157856	0.013183	0.0148044
1.3	0.00128186	0.0162467	0.0134404	0.0151131
1.6	0.0014043	0.0167776	0.01373	0.0154751
2.0	0.00162025	0.01766	0.0142109	0.016093
2.5	0.00207602	0.0194769	0.0153564	0.017454
3.0  0.00268244        0.0295317       0.0262119       0.0261232
3.5  0.00193568        0.0389368       0.0351806       0.0333259
4.0  0.00189927        0.0501158       0.0401245       0.0401883
4.5  0.00257471        0.0752604       0.0382528       0.0608613
5.0  0.0019701        0.110267       0.0301866       0.106283
5.25  0.00126532        0.136969       0.0144103       0.187979
5.5  0.00124663        0.138976       0.0171652       0.424987
5.75  0.00720292        0.109371       0.0332623       0.760385
6.0  0.00638539        0.102351       0.0374057       0.845975
6.25  0.00902785        0.0969095       0.0403548       0.89077
6.5  0.00776161        0.096384       0.0409465       0.908153
7.0  0.00748623        0.0942636       0.0424394       0.930552
7.5  0.00663595        0.0940212       0.0429512       0.940794
8.0  0.00634243        0.0933531       0.0435       0.949057
8.5  0.00608415        0.0929799       0.0438643       0.955013
9.0  0.00588083        0.0926922       0.0441496       0.959599
9.5  0.00569703        0.09245       0.0443838       0.963338
10.0  0.00555385        0.0922831       0.0445623       0.966387
11.0  0.00528542        0.0920238       0.0448341       0.971155
12.0  0.00506053        0.0918363       0.0450303       0.974699
