0.5  0.00150367        0.00284275       0.00103333       0.00232647
1.0  0.00182075        0.00326811       0.00129649       0.00269863
1.5  0.00223478        0.00404118       0.00188517       0.00341264
2.0  0.0011726        0.0135944       0.0113887       0.012629
2.5  0.00108803        0.0159953       0.0135508       0.0147442
3.0  0.00124182        0.0171092       0.0142576       0.0155737
3.5  0.00150334        0.0186684       0.0151869       0.0167407
4.0  0.00220833        0.0258959       0.0221284       0.0228167
4.5  0.00162378        0.0406123       0.0371308       0.0345723
5.0  0.00173662        0.0587438       0.0419147       0.0465058
5.5  0.0019108        0.0947138       0.0316344       0.0837499
6.0  0.000911652        0.140173       0.0135517       0.23575
6.5  0.0083405        0.105373       0.0357514       0.826603
7.0  0.00694376        0.0979656       0.0403972       0.906973
7.5  0.00867516        0.0934957       0.0428979       0.937316
8.0  0.00799387        0.093226       0.0433031       0.948357
9.0  0.00770558        0.0917788       0.0443986       0.961766
10.0  0.00664976        0.0923582       0.044392       0.966582
11.0  0.00574676        0.0926499       0.0444931       0.969684
12.0  0.005498        0.0923752       0.0447432       0.973297
