2.0  0.00489179        0.0664751       0.0371426       0.0586816
2.5  0.00366634        0.0876276       0.0316683       0.0812166
3.0  0.00330021        0.102214       0.0353508       0.108839
3.5  0.0021701        0.130983       0.0194692       0.330066
4.0  0.0073346        0.0997349       0.0368958       0.742819
4.5  0.0085533        0.0930016       0.0412702       0.844146
5.0  0.00811884        0.0912509       0.0428978       0.885567
5.5  0.00904729        0.0910615       0.0434417       0.90973
6.0  0.00806175        0.0907456       0.0440124       0.925424
6.5  0.00647887        0.0927288       0.0434266       0.931752
7.0  0.00743916        0.090601       0.0446308       0.944908
7.5  0.00586324        0.0923639       0.0440498       0.947318
8.0  0.00571154        0.0921775       0.0442965       0.953036
8.5  0.00551477        0.0920923       0.0444772       0.957435
9.0  0.00535064        0.0920167       0.0446279       0.961129
9.5  0.00528006        0.0919003       0.0447728       0.964421
10.0  0.00520656        0.0917916       0.0449041       0.967213
11.0  0.00494532        0.0917259       0.0450603       0.971455
12.0  0.004775        0.0915809       0.0452156       0.974862
