1.0  0.000161469        0.000458844       8.96563e-05       0.000378031
2.0  0.000172766        0.000490609       9.74531e-05       0.000404797
3.0  0.000184266        0.000523516       0.000106141       0.000433891
4.0  0.000195922        0.000557953       0.000115984       0.000465141
5.0  0.000207656        0.000593906       0.000126969       0.000498719
6.0  0.000219535        0.00063191       0.000139535       0.00053591
7.0  0.000231367        0.000674117       0.000154492       0.000578992
8.0  0.000244055        0.00072718       0.000175102       0.000636227
9.0  0.00025998        0.000822309       0.00021698       0.000746059
10.0  0.000305281        0.00139819       0.0005525       0.00139538
10.5  0.000680484        0.0187741       0.0164046       0.0176416
11.0  0.0018138        0.0633423       0.0397949       0.0579876
11.5  0.000448227        0.137941       0.0103292       0.238118
12.0  0.00709706        0.101683       0.0390566       0.920135
