1.0  0.000139969        0.000400594       7.69062e-05       0.000330531
2.0  0.000148781        0.000426281       8.29688e-05       0.000352219
3.0  0.000158094        0.000452969       8.97813e-05       0.000375656
4.0  0.000167453        0.000480578       9.73281e-05       0.000400703
5.0  0.000176676        0.000509426       0.000105801       0.000427301
6.0  0.000186031        0.000539281       0.000114906       0.000456156
7.0  0.00019525        0.00057125       0.000125625       0.000488125
8.0  0.000204656        0.000607406       0.000138719       0.000526219
9.0  0.000214742        0.000656227       0.000158367       0.000580852
10.0  0.000229445        0.00076182       0.000206133       0.000705758
11.0  0.000313902        0.00237907       0.00131378       0.00242539
11.5  0.0015023        0.0384597       0.0329347       0.035564
12.0  0.000874633        0.0972754       0.0230877       0.10704
