0.5  0.745989      0.722758
1.0  0.843969      0.809735
1.5  1.00754      0.969314
2.0  1.21438      1.1645
2.5  1.47103      1.40761
3.0  1.67061      1.61452
3.5  1.76383      1.71655
4.0  1.82006      1.7807
4.5  1.85801      1.82535
5.0  1.88481      1.85731
5.5  1.90526      1.88277
6.0  1.91988      1.90026
6.5  1.93189      1.9151
7.0  1.94122      1.92672
7.5  1.94871      1.93589
8.0  1.95485      1.94345
8.5  1.95995      1.94977
9.0  1.96424      1.95508
9.5  1.96788      1.9596
10.0  1.971      1.96349
11.0  1.97601      1.96976
12.0  1.97983      1.97456
