0.5  0.0238012      0.036792
1.0  0.0279213      0.0433864
1.5  0.035276      0.0567229
2.0  0.112948      0.254814
2.5  0.12961      0.303304
3.0  0.136317      0.321111
3.5  0.148355      0.341127
4.0  0.259849      0.399639
4.5  0.474083      0.51703
5.0  0.608581      0.652062
5.5  1.03486      0.907705
6.0  1.46978      1.41941
6.5  1.86735      1.85871
7.0  1.92013      1.90671
7.5  1.9386      1.9253
8.0  1.94913      1.93738
9.0  1.96178      1.95225
10.0  1.96971      1.96204
11.0  1.97526      1.96894
12.0  1.97936      1.97404
