2.0  0.566402        0.566402        1.37303
3.0  0.654776        0.654776        1.67686
4.0  0.692802        0.692802        1.80687
4.5  0.704141        0.704141        1.84547
5.0  0.712335        0.712335        1.87327
5.5  0.718752        0.718752        1.89502
6.0  0.723598        0.723598        1.91139
6.5  0.727353        0.727353        1.92406
7.0  0.730404        0.730404        1.93433
7.5  0.732795        0.732795        1.94237
8.0  0.734866        0.734866        1.94934
8.5  0.736552        0.736553        1.955
9.0  0.737973        0.737973        1.95977
9.5  0.739182        0.739182        1.96383
10.0  0.740221        0.740221        1.96731
11.0  0.741897        0.741897        1.97293
12.0  0.74318        0.74318        1.97722
