3.0  0.171569        0.171569        0.373433
3.5  0.210878        0.210878        0.473016
4.0  0.239997        0.239997        0.55379
4.5  0.318836        0.318837        0.769997
5.0  0.432848        0.432847        1.08663
5.25  0.527045        0.527044        1.35215
5.5  0.623018        0.62302        1.62196
5.75  0.690453        0.690453        1.81392
6.0  0.708291        0.708291        1.86619
6.25  0.716626        0.716626        1.89123
6.5  0.721514        0.721514        1.90643
7.0  0.727335        0.727335        1.92491
7.5  0.731039        0.731039        1.93694
8.0  0.733699        0.733699        1.94569
8.5  0.735754        0.735754        1.95249
9.0  0.737404        0.737404        1.95797
9.5  0.738763        0.738763        1.96249
10.0  0.739902        0.739902        1.96629
11.0  0.741705        0.741705        1.97231
12.0  0.743056        0.743056        1.97682
