1.0  0.00296856        0.00296863        0.00593825
2.0  0.00322125        0.00322125        0.006445
3.0  0.003493        0.003493        0.006992
4.0  0.00378556        0.00378556        0.00758413
5.0  0.00410544        0.00410544        0.008238
6.0  0.00447388        0.00447388        0.00900906
7.0  0.00498006        0.00498006        0.0101213
8.0  0.006285        0.006285        0.0132443
8.5  0.0107906        0.0107906        0.0245762
9.0  0.112424        0.112424        0.28483
9.5  0.277353        0.277353        0.718807
10.0  0.495902        0.495902        1.30429
10.5  0.724033        0.724033        1.92277
11.0  0.737518        0.737518        1.96027
12.0  0.741905        0.741905        1.97334
