1.5  0.0318476     0.177926    0.0670674    0.219285
2.0  0.0255526     0.226982    0.0490776    0.340764
2.5  0.0294811     0.230482    0.0574477    0.574212
3.0  0.0418855     0.188975    0.0781174    0.807779
3.5  0.0437957     0.188894    0.0807349    0.911034
4.0  0.0439938     0.184912    0.0849605    0.96519
4.5  0.0441901     0.186375    0.0859335    1.00395
5.0  0.04395     0.187556    0.0867035    1.03096
5.5  0.0437339     0.191806    0.0856154    1.05252
6.0  0.0431414     0.192053    0.0865176    1.06656
6.5  0.0431027     0.19425    0.086089    1.07844
7.0  0.0419155     0.197994    0.0853685    1.08727
7.5  0.0417246     0.198226    0.0856931    1.09455
8.0  0.0415943     0.198351    0.0859775    1.10053
8.5  0.0414294     0.19859    0.086191    1.10545
9.0  0.0413248     0.198682    0.0863934    1.10961
9.5  0.041236     0.198813    0.0865477    1.1131
10.0  0.0411244     0.198858    0.0866936    1.11615
11.0  0.0409556     0.199012    0.0869014    1.121
12.0  0.0407953     0.199107    0.0870743    1.12468
