3.0  0.022108     0.0641777    0.0404599    0.0594662
3.5  0.0275691     0.079738    0.0435288    0.072801
4.0  0.0318759     0.102353    0.051145    0.0908919
4.5  0.0331414     0.144545    0.0662144    0.128572
5.0  0.0234132     0.205551    0.0776415    0.194633
5.25  0.0124462     0.28209    0.0320685    0.346071
5.5  0.0150743     0.296654    0.0350716    0.64171
5.75  0.0354464     0.223816    0.0675843    0.938748
6.0  0.0376371     0.212489    0.0744614    1.00912
6.25  0.042456     0.201723    0.0797467    1.04012
6.5  0.0417473     0.202928    0.0803448    1.05762
7.0  0.0423646     0.200069    0.0827804    1.07731
7.5  0.0419779     0.200462    0.08362    1.08897
8.0  0.0419089     0.199926    0.0844533    1.09721
8.5  0.0417932     0.199624    0.0850283    1.10343
9.0  0.0416892     0.19945    0.085478    1.10831
9.5  0.0415776     0.199342    0.0858236    1.11228
10.0  0.0414832     0.199285    0.0860949    1.11558
11.0  0.0412573     0.199293    0.0864632    1.12075
12.0  0.0410563     0.199305    0.0867434    1.1246
