1.0  0.000382     0.000983    0.00028475    0.00087375
2.0  0.000409438     0.00105231    0.000307688    0.000936563
3.0  0.000438125     0.00112513    0.000332625    0.00100362
4.0  0.000467906     0.00120153    0.000359656    0.00107578
5.0  0.0004985     0.001282    0.00038925    0.00115275
6.0  0.000530125     0.00136813    0.000421625    0.00123763
7.0  0.000563719     0.00146472    0.000459219    0.00133522
8.0  0.000602734     0.00158873    0.000508922    0.00146492
9.0  0.000662484     0.0018193    0.000605609    0.00171542
10.0  0.000970828     0.00336058    0.0013957    0.0033607
10.5  0.0124475     0.0547203    0.0488673    0.0521661
11.0  0.0352217     0.126641    0.073353    0.123125
11.5  0.00806047     0.289519    0.0215324    0.410423
12.0  0.0392279     0.213166    0.0772258    1.08754
