1.0  3.775e-05     4.125e-05    -3.675e-05    -4.025e-05
2.0  3.9375e-05     4.3375e-05    -3.8125e-05    -4.2125e-05
3.0  4.0875e-05     4.5375e-05    -3.9375e-05    -4.3875e-05
4.0  4.1875e-05     4.6875e-05    -4.0375e-05    -4.5375e-05
5.0  4.2625e-05     4.8125e-05    -4.0875e-05    -4.6375e-05
6.0  4.275e-05     4.875e-05    -4.1e-05    -4.7e-05
7.0  4.225e-05     4.925e-05    -4.025e-05    -4.725e-05
8.0  4.125e-05     4.875e-05    -3.9e-05    -4.65e-05
9.0  3.84062e-05     4.69062e-05    -3.60937e-05    -4.45938e-05
10.0  3.175e-05     4.225e-05    -2.925e-05    -3.975e-05
11.0  1.20313e-06     2.47031e-05    -2.03125e-07    -2.27031e-05
11.5  -9.98125e-05     -1.03125e-05    8.83125e-05    9.8125e-06
12.0  -0.00957156     0.000393875    0.00137206    -0.000293625
