0.1  0.0120546     0.0210757    0.015967    0.0210566
0.5  0.0127126     0.0222574    0.0169708    0.0222304
1.0  0.0137556     0.0244009    0.0186499    0.0243616
1.5  0.0174416     0.0359775    0.0263486    0.0359299
2.0  0.0234303     0.0591636    0.0378663    0.0591289
3.0  0.0286486     0.0773673    0.0445755    0.0771557
3.5  0.033726     0.100636    0.047862    0.100462
4.0  0.0228753     0.183777    0.0258943    0.183925
4.5  0.0181825     0.291926    0.0191875    0.291076
5.0  0.0231238     0.408918    0.0237393    0.701934
5.5  0.0392551     0.339035    0.0402354    0.93267
6.0  0.0413193     0.334301    0.0428136    0.976528
6.5  0.0408313     0.336967    0.0432956    0.994193
7.0  0.0411526     0.341883    0.0428736    1.00311
7.5  0.0413816     0.337612    0.0442271    1.0135
8.0  0.0406531     0.346598    0.0430366    1.01403
9.0  0.0406028     0.347317    0.0433494    1.02216
10.0  0.0405963     0.347568    0.0436015    1.02783
11.0  0.0404878     0.347675    0.0437746    1.03206
12.0  0.040456     0.347443    0.043942    1.03547
