1.5  -0.0184439     -0.0230063    0.013118    0.0199298
2.0  -0.0160406     -0.054264    0.0139559    0.0750428
2.5  -0.0198921     -0.0834644    0.0173803    0.305845
3.0  -0.0237709     -0.0676335    0.0203656    0.588967
3.5  -0.0243757     -0.070215    0.0209533    0.688707
4.0  -0.0265517     -0.0727408    0.0223332    0.743119
4.5  -0.0269996     -0.0752153    0.0227991    0.776802
5.0  -0.0276373     -0.0773167    0.0232692    0.799898
5.5  -0.0275488     -0.079999    0.0232436    0.814482
6.0  -0.0285073     -0.0818579    0.0237577    0.826552
6.5  -0.0285156     -0.0832913    0.0238229    0.835129
7.0  -0.0297041     -0.0878324    0.0239875    0.838118
7.5  -0.0299589     -0.0884516    0.0241834    0.844237
8.0  -0.030173     -0.0888702    0.0243625    0.849405
8.5  -0.0303733     -0.0894003    0.0244949    0.853367
9.0  -0.0305474     -0.0897072    0.0246105    0.856915
9.5  -0.0306877     -0.0899799    0.0247038    0.859919
10.0  -0.0307967     -0.0901302    0.0247941    0.862543
11.0  -0.0310057     -0.0904263    0.0249275    0.866747
12.0  -0.0311638     -0.0906373    0.0250569    0.869948
