1.0  0.000126     0.0005755    0.000126    0.0005755
2.0  0.000133937     0.000609938    0.000133937    0.000609938
3.0  0.000142625     0.000645625    0.000142625    0.000645625
4.0  0.0001515     0.0006835    0.0001515    0.0006835
5.0  0.000160875     0.000722875    0.000160875    0.000722875
6.0  0.000170406     0.000763906    0.000170406    0.000763906
7.0  0.000181     0.0008075    0.000181    0.0008075
8.0  0.000191812     0.000855313    0.000191812    0.000855313
9.0  0.00020475     0.00091325    0.00020475    0.00091325
10.0  0.000222844     0.00100034    0.000222844    0.00100034
11.0  0.000272562     0.00123656    0.000272562    0.00123656
11.5  0.00040275     0.00174812    0.000403375    0.001748
12.0  0.0104262     0.0174143    0.0123946    0.0174094
