1.0  0.000158813     0.000187312    -0.000125812    -0.000169312
2.0  0.000177125     0.000208625    -0.000130875    -0.000185375
3.0  0.0001885     0.000227    -0.00012525    -0.00019775
4.0  0.000146453     0.000239953    -8.32031e-05    -0.000202703
5.0  -0.00638756     0.000638187    -0.000441219    -0.000463719
5.5  -0.0102556     0.00106456    -0.000623062    -0.000745156
6.0  -0.022437     0.0029117    0.0198565    -0.00242033
6.5  -0.0311708     0.00802534    0.0303465    -0.00724228
7.0  -0.0197239     7.86719e-05    0.0144735    -0.00249064
7.5  -0.0113903     -0.089694    0.0100311    0.295123
8.0  -0.0238729     -0.0843021    0.019728    0.773475
8.5  -0.0250657     -0.0803474    0.0215986    0.830918
9.0  -0.0270969     -0.0841512    0.02262    0.844399
10.0  -0.0287085     -0.0869265    0.0235217    0.857067
11.0  -0.0294264     -0.0879062    0.0240091    0.864055
12.0  -0.029934     -0.0886289    0.024334    0.868388
