2.0  0.033952     0.306165    0.0344322    0.539759
3.0  0.0427911     0.29878    0.0438289    0.82911
4.0  0.0434437     0.311798    0.0451474    0.928881
4.5  0.0437739     0.31753    0.0451933    0.955547
5.0  0.0436654     0.321381    0.0453587    0.974576
5.5  0.0433251     0.326843    0.0448563    0.988066
6.0  0.0423481     0.33356    0.0439814    0.9965
6.5  0.0421409     0.336109    0.0439954    1.0042
7.0  0.0406348     0.346128    0.0429961    1.00503
7.5  0.0426735     0.335263    0.0449029    1.01775
8.0  0.0405282     0.347618    0.0432313    1.01498
8.5  0.0404698     0.347945    0.043328    1.01894
9.0  0.0404369     0.348254    0.0434109    1.0222
9.5  0.0404548     0.348158    0.0435371    1.02522
10.0  0.0404028     0.348442    0.0436048    1.02753
11.0  0.0403548     0.348474    0.0437645    1.03158
12.0  0.0402294     0.348292    0.0438852    1.03496
