3.0  -0.0163448     0.00253722    0.0151105    -0.00189853
3.5  -0.0231223     0.00438137    0.0271431    -0.003328
4.0  -0.027386     0.00793981    0.0315212    -0.00607984
4.5  -0.0271257     0.0108301    0.0238667    -0.0100317
5.0  -0.0180141     -0.000917625    0.0105776    -0.00337728
5.25  -0.0088417     -0.0313957    0.00758842    0.0382189
5.5  -0.0115016     -0.0882473    0.0102845    0.2636
5.75  -0.0192045     -0.0775358    0.0165437    0.635551
6.0  -0.0236383     -0.0817719    0.0193066    0.730364
6.25  -0.0233466     -0.0769385    0.0202485    0.780599
6.5  -0.0252465     -0.0811334    0.0212588    0.799073
7.0  -0.0266456     -0.0826412    0.022308    0.823601
7.5  -0.0279537     -0.0856519    0.0228861    0.834486
8.0  -0.0285678     -0.0865998    0.0233465    0.843182
8.5  -0.029049     -0.0873143    0.0236657    0.8494
9.0  -0.0294052     -0.0878926    0.0239198    0.854115
9.5  -0.0297111     -0.0883874    0.0241368    0.857968
10.0  -0.0299461     -0.0887626    0.0242967    0.861079
11.0  -0.0303325     -0.0893338    0.0245577    0.865872
12.0  -0.0306206     -0.0897411    0.0247453    0.869379
