3.5  0.0154169     0.402305    0.0154894    0.444586
4.0  0.0354226     0.340824    0.036376    0.820896
4.5  0.0408181     0.326177    0.0419738    0.91985
5.0  0.0419242     0.326469    0.0434835    0.95822
5.5  0.0433392     0.326818    0.0443889    0.980791
6.0  0.0429001     0.330174    0.0444095    0.994237
6.5  0.0408484     0.344584    0.0426739    0.996162
7.0  0.0427073     0.333978    0.0446266    1.01126
7.5  0.0406399     0.34647    0.0430361    1.01
8.0  0.0406846     0.346573    0.0432346    1.01519
8.5  0.0405983     0.347264    0.043326    1.01902
9.0  0.040515     0.347758    0.0434017    1.02232
9.5  0.0405395     0.347652    0.0435372    1.02543
10.0  0.0405708     0.347605    0.0436756    1.02798
11.0  0.040419     0.348138    0.0437705    1.03179
12.0  0.0402903     0.347994    0.0439003    1.03516
