0.5  0.0292432     0.148435    0.0314785    0.148479
1.0  0.0317632     0.173055    0.0363683    0.172693
1.5  0.0260259     0.226601    0.0277844    0.225281
2.0  0.0211269     0.310032    0.02136    0.313236
2.5  0.0256879     0.36549    0.0260228    0.521513
3.0  0.0391932     0.310627    0.040022    0.777831
3.5  0.0419213     0.31022    0.0430606    0.870353
4.0  0.0428443     0.313764    0.0443448    0.920239
4.5  0.0432796     0.317981    0.0448771    0.95137
5.0  0.0433189     0.321275    0.0452277    0.972557
5.5  0.0428037     0.329202    0.0441807    0.985842
6.0  0.0425883     0.331116    0.0446176    0.996407
6.5  0.0423269     0.334965    0.0441375    1.00444
7.0  0.0406616     0.346096    0.0429661    1.00475
7.5  0.0406129     0.346793    0.0431127    1.01044
8.0  0.0405949     0.347033    0.0432731    1.0153
8.5  0.0404994     0.347795    0.04333    1.01895
9.0  0.0404573     0.348142    0.0434079    1.02223
9.5  0.0404449     0.34838    0.0434975    1.025
10.0  0.0404136     0.348306    0.0436151    1.02761
11.0  0.040372     0.348394    0.0437648    1.03163
12.0  0.0402406     0.348243    0.0438791    1.035
