1.5  0.00524641        0.0896283       0.030272       0.121106
2.0  0.00364955        0.107121       0.0245873       0.201021
2.5  0.0038462        0.107261       0.0295578       0.426854
3.0  0.0083842        0.0910837       0.0397176       0.690886
3.5  0.00914092        0.0905018       0.0411986       0.790004
4.0  0.00843368        0.0882985       0.0434929       0.842917
4.5  0.00836762        0.0884814       0.0441022       0.87723
5.0  0.00799857        0.0885494       0.0446174       0.900829
5.5  0.00786        0.0902526       0.0440708       0.916833
6.0  0.0071788        0.0898632       0.0446626       0.929017
6.5  0.0070996        0.0906579       0.0444681       0.938287
7.0  0.00579225        0.0921064       0.0440774       0.942063
7.5  0.00560492        0.092029       0.0442932       0.948366
8.0  0.00546083        0.0919107       0.0444939       0.953661
8.5  0.00529555        0.0918961       0.0446277       0.957785
9.0  0.00517181        0.0918523       0.0447556       0.961417
9.5  0.00507638        0.0918084       0.0448632       0.964486
10.0  0.00498615        0.0917259       0.0449742       0.967212
11.0  0.00482904        0.0916382       0.0451303       0.971531
12.0  0.00467708        0.0915188       0.0452668       0.974893
