1.0  0.000604629        0.00146644       0.000383816       0.001193
2.0  0.000710875        0.0016805       0.000469625       0.001377
3.0  0.000840012        0.00194661       0.000591402       0.00161775
4.0  0.00101612        0.00238801       0.00084518       0.00204232
5.0  0.00103656        0.0124965       0.0104539       0.0114312
5.5  0.00094609        0.0186326       0.0159493       0.0168096
6.0  0.00134172        0.0334597       0.0304341       0.0295739
6.5  0.00130863        0.0574136       0.0408584       0.047564
7.0  0.0013614        0.0981043       0.0297606       0.0949107
7.5  0.00131283        0.139376       0.0171319       0.456958
8.0  0.00672434        0.102625       0.0380751       0.889595
8.5  0.00858065        0.0951006       0.0421981       0.93985
9.0  0.00720591        0.0944026       0.0428917       0.952123
10.0  0.00626086        0.0933802       0.0438112       0.963594
11.0  0.00587777        0.0926975       0.0443576       0.970054
12.0  0.00553548        0.092321       0.044685       0.974195
