1.0  0.000122625        0.000353       6.6625e-05       0.0002915
2.0  0.000129891        0.000374141       7.15781e-05       0.000309578
3.0  0.000137469        0.000395969       7.69688e-05       0.000328719
4.0  0.000144906        0.000418656       8.28438e-05       0.000349094
5.0  0.0001525        0.000442125       8.95625e-05       0.000370687
6.0  0.000159809        0.000466059       9.66211e-05       0.000393621
7.0  0.000167281        0.000491406       0.000104906       0.000418531
8.0  0.000174672        0.000518422       0.000113984       0.000446484
9.0  0.000182289        0.000550539       0.000125977       0.000481227
10.0  0.000190992        0.000597867       0.000144977       0.000535852
11.0  0.00020568        0.000729555       0.000206289       0.000694164
11.5  0.00022857        0.00105541       0.000387352       0.00107276
12.0  0.000648688        0.0171148       0.0149184       0.0162693
