0.1  0.00162226        0.0163294       0.0130799       0.0153944
0.5  0.00185659        0.0171905       0.0135677       0.0159773
1.0  0.00228067        0.0185985       0.0143942       0.0169817
1.5  0.00309325        0.0235368       0.0191112       0.0212338
2.0  0.0024248        0.0333038       0.0295521       0.0297143
2.5  0.00212212        0.0383087       0.0331608       0.0330776
3.0  0.00217739        0.0467073       0.0375585       0.0381987
3.5  0.0026371        0.0616641       0.0425785       0.0482563
4.0  0.00275124        0.0932249       0.0308363       0.0789828
4.5  0.00213445        0.123382       0.0267976       0.142324
5.0  0.00340507        0.120829       0.0271531       0.625391
5.5  0.00864346        0.0973095       0.0396561       0.859995
6.0  0.00820565        0.0935534       0.0422262       0.906029
6.5  0.00677278        0.0923926       0.0433057       0.926254
7.0  0.0070555        0.0931372       0.0431943       0.937183
7.5  0.00641382        0.0913034       0.0444114       0.947896
8.0  0.00607789        0.0928288       0.0438552       0.951059
9.0  0.00565623        0.092384       0.0443634       0.960359
10.0  0.00539709        0.0920942       0.0446976       0.966724
11.0  0.00514231        0.0918793       0.0449341       0.971303
12.0  0.00502334        0.0916862       0.0451317       0.974874
