1.0  0.000224297        0.000623172       0.000128359       0.000511484
2.0  0.000243242        0.000674117       0.000142133       0.000555008
3.0  0.000262922        0.000728266       0.000157859       0.000602703
4.0  0.000283211        0.000785711       0.000176164       0.000655414
5.0  0.000303992        0.000847742       0.00019757       0.00071482
6.0  0.000325441        0.000919691       0.000224629       0.000787129
7.0  0.000349805        0.0010203       0.000267414       0.000895664
8.0  0.000387953        0.0012912       0.000410359       0.00119989
8.5  0.000447961        0.00220793       0.00105829       0.00215588
9.0  0.000740973        0.0211249       0.0182911       0.0195303
9.5  0.00156056        0.0594385       0.0400925       0.0529039
10.0  0.000618047        0.117856       0.015946       0.149802
10.5  0.0057642        0.108771       0.0352481       0.865158
11.0  0.00709004        0.0975094       0.0413923       0.947541
12.0  0.00709532        0.0935841       0.0437301       0.970516
