1.0  0.00220389     0.00452939    0.00174964    0.00399614
2.0  0.00279975     0.005516    0.00228025    0.004901
3.0  0.00386908     0.0076497    0.00375077    0.00694002
3.5  0.00640042     0.0200607    0.0162939    0.0188645
4.0  0.0119496     0.0468237    0.0444179    0.0440381
4.5  0.012986     0.0521352    0.0478765    0.0485636
5.0  0.0198336     0.0649323    0.0469157    0.0601377
6.0  0.031902     0.145109    0.0678735    0.132611
7.0  0.0284923     0.245085    0.0597909    0.928542
7.5  0.0419193     0.204369    0.0795892    1.06269
