1.0  0.000447375     0.00114088    0.000335625    0.00101312
2.0  0.00048275     0.00122825    0.000365    0.0010925
3.0  0.00051975     0.00132075    0.00039775    0.00117775
4.0  0.000558375     0.00141837    0.000433375    0.00127037
5.0  0.00059875     0.00152325    0.00047275    0.00137125
6.0  0.000641141     0.00163883    0.000517891    0.00148558
7.0  0.000688531     0.00177953    0.000574781    0.00162978
8.0  0.000753531     0.00200603    0.000670531    0.00187103
9.0  0.000953844     0.00291903    0.00111522    0.00285266
9.5  0.00281484     0.0124007    0.00831203    0.0121794
10.0  0.0299059     0.0871372    0.0561355    0.0837566
11.0  0.025068     0.26242    0.0535334    0.922193
11.5  0.0416513     0.206374    0.0805676    1.10031
12.0  0.042759     0.201878    0.0835928    1.11653
