1.0  0.00103297     0.00307347    0.00102097    0.00307147
2.0  0.00135061     0.00367786    0.00132873    0.00367498
3.0  0.00201972     0.00478934    0.00202634    0.00478472
3.5  0.00494731     0.00897525    0.00614175    0.00896481
4.0  0.0111495     0.0174325    0.014953    0.0174036
4.5  0.012217     0.0197939    0.0162768    0.0197578
5.0  0.0190527     0.038899    0.0268636    0.0388545
6.0  0.0304357     0.141619    0.0349661    0.141738
7.0  0.0256772     0.405345    0.0265227    0.791197
7.5  0.0399913     0.344458    0.0410343    0.97764
