0      0        0.000263996
0      1.5708        0.000509457
0      3.14159        0.000753543
0      4.71239        0.000509457

1.5708      0        0.000216121
1.5708      1.5708        0.000456582
1.5708      3.14159        0.000695168
1.5708      4.71239        0.000456582

3.14159      0        0.000173746
3.14159      1.5708        0.000408707
3.14159      3.14159        0.000641293
3.14159      4.71239        0.000408707

4.71239      0        0.000216121
4.71239      1.5708        0.000456582
4.71239      3.14159        0.000695168
4.71239      4.71239        0.000456582

