0      0        0.000383773
0      1.5708        0.000717461
0      3.14159        0.0010499
0      4.71239        0.000717461

1.5708      0        0.000316164
1.5708      1.5708        0.000642414
1.5708      3.14159        0.000964789
1.5708      4.71239        0.000642414

3.14159      0        0.000260555
3.14159      1.5708        0.000576867
3.14159      3.14159        0.00088868
3.14159      4.71239        0.000576867

4.71239      0        0.000316164
4.71239      1.5708        0.000642414
4.71239      3.14159        0.000964789
4.71239      4.71239        0.000642414

