0      0        0.00401856
0      1.5708        0.0583093
0      3.14159        0.118349
0      4.71239        0.0583093

1.5708      0        0.0184349
1.5708      1.5708        0.0706031
1.5708      3.14159        0.171039
1.5708      4.71239        0.0706153

3.14159      0        0.0293532
3.14159      1.5708        0.0851085
3.14159      3.14159        0.724657
3.14159      4.71239        0.0851085

4.71239      0        0.0184349
4.71239      1.5708        0.0706153
4.71239      3.14159        0.171039
4.71239      4.71239        0.0706031

