0      0        0.000176676
0      1.5708        0.000343363
0      3.14159        0.000509426
0      4.71239        0.000343363

1.5708      0        0.000140113
1.5708      1.5708        0.000304051
1.5708      3.14159        0.000467238
1.5708      4.71239        0.000304051

3.14159      0        0.000105801
3.14159      1.5708        0.000266988
3.14159      3.14159        0.000427301
3.14159      4.71239        0.000266988

4.71239      0        0.000140113
4.71239      1.5708        0.000304051
4.71239      3.14159        0.000467238
4.71239      4.71239        0.000304051

