0      0        0.000272051
0      1.5708        0.000507613
0      3.14159        0.000743176
0      4.71239        0.000507613

1.5708      0        0.000212332
1.5708      1.5708        0.00044352
1.5708      3.14159        0.000673457
1.5708      4.71239        0.00044352

3.14159      0        0.000158613
3.14159      1.5708        0.000384426
3.14159      3.14159        0.000608738
3.14159      4.71239        0.000384426

4.71239      0        0.000212332
4.71239      1.5708        0.00044352
4.71239      3.14159        0.000673457
4.71239      4.71239        0.00044352

