0      0        0.000204656
0      1.5708        0.000406594
0      3.14159        0.000607406
0      4.71239        0.000406594

1.5708      0        0.000170187
1.5708      1.5708        0.0003685
1.5708      3.14159        0.000565312
1.5708      4.71239        0.0003685

3.14159      0        0.000138719
3.14159      1.5708        0.000333406
3.14159      3.14159        0.000526219
3.14159      4.71239        0.000333406

4.71239      0        0.000170188
4.71239      1.5708        0.0003685
4.71239      3.14159        0.000565313
4.71239      4.71239        0.0003685

