0      0        0.000325406
0      1.5708        0.000604156
0      3.14159        0.000882656
0      4.71239        0.000604156

1.5708      0        0.000258719
1.5708      1.5708        0.000531844
1.5708      3.14159        0.000802969
1.5708      4.71239        0.000531844

3.14159      0        0.000200781
3.14159      1.5708        0.000466781
3.14159      3.14159        0.000730031
3.14159      4.71239        0.000466781

4.71239      0        0.000258719
4.71239      1.5708        0.000531844
4.71239      3.14159        0.000802969
4.71239      4.71239        0.000531844

