0      0        0.000214742
0      1.5708        0.000436547
0      3.14159        0.000656227
0      4.71239        0.000436547

1.5708      0        0.00018493
1.5708      1.5708        0.000401984
1.5708      3.14159        0.000616914
1.5708      4.71239        0.000401984

3.14159      0        0.000158367
3.14159      1.5708        0.000370672
3.14159      3.14159        0.000580852
3.14159      4.71239        0.000370672

4.71239      0        0.00018493
4.71239      1.5708        0.000401984
4.71239      3.14159        0.000616914
4.71239      4.71239        0.000401984

