0      0        0.00348229
0      1.5708        0.0649744
0      3.14159        0.0924611
0      4.71239        0.0649744

1.5708      0        0.0183533
1.5708      1.5708        0.0617218
1.5708      3.14159        0.129256
1.5708      4.71239        0.0617738

3.14159      0        0.0312716
3.14159      1.5708        0.0588
3.14159      3.14159        0.215899
3.14159      4.71239        0.0588

4.71239      0        0.0183533
4.71239      1.5708        0.0617738
4.71239      3.14159        0.129256
4.71239      4.71239        0.0617218

