0      0        0.00172165
0      1.5708        0.024417
0      3.14159        0.0270537
0      4.71239        0.024417

1.5708      0        0.0155594
1.5708      1.5708        0.0236264
1.5708      3.14159        0.0252238
1.5708      4.71239        0.0236241

3.14159      0        0.0234922
3.14159      1.5708        0.0229568
3.14159      3.14159        0.0239105
3.14159      4.71239        0.0229568

4.71239      0        0.0155594
4.71239      1.5708        0.0236241
4.71239      3.14159        0.0252238
4.71239      4.71239        0.0236264

