0      0        0.000498355
0      1.5708        0.000879777
0      3.14159        0.00126345
0      4.71239        0.000879777

1.5708      0        0.000396434
1.5708      1.5708        0.000771387
1.5708      3.14159        0.00114268
1.5708      4.71239        0.000771355

3.14159      0        0.000316012
3.14159      1.5708        0.000678465
3.14159      3.14159        0.00103542
3.14159      4.71239        0.000678465

4.71239      0        0.000396434
4.71239      1.5708        0.000771355
4.71239      3.14159        0.00114268
4.71239      4.71239        0.000771387

