0      0        0.000218172
0      1.5708        0.000415734
0      3.14159        0.000612672
0      4.71239        0.000415734

1.5708      0        0.000171172
1.5708      1.5708        0.000365359
1.5708      3.14159        0.000558547
1.5708      4.71239        0.000365359

3.14159      0        0.000128172
3.14159      1.5708        0.000318484
3.14159      3.14159        0.000507422
3.14159      4.71239        0.000318484

4.71239      0        0.000171172
4.71239      1.5708        0.000365359
4.71239      3.14159        0.000558547
4.71239      4.71239        0.000365359

