0      0        0.00900943
0      1.5708        0.0514942
0      3.14159        0.0862539
0      4.71239        0.0514942

1.5708      0        0.0263952
1.5708      1.5708        0.0608885
1.5708      3.14159        0.12371
1.5708      4.71239        0.0609106

3.14159      0        0.0409011
3.14159      1.5708        0.0709705
3.14159      3.14159        0.6366
3.14159      4.71239        0.0709705

4.71239      0        0.0263952
4.71239      1.5708        0.0609106
4.71239      3.14159        0.12371
4.71239      4.71239        0.0608885

