0      0        0.00826021
0      1.5708        0.0469092
0      3.14159        0.0979366
0      4.71239        0.0469092

1.5708      0        0.0263414
1.5708      1.5708        0.0643483
1.5708      3.14159        0.14604
1.5708      4.71239        0.064355

3.14159      0        0.0410132
3.14159      1.5708        0.0865099
3.14159      3.14159        0.942013
3.14159      4.71239        0.0865099

4.71239      0        0.0263414
4.71239      1.5708        0.064355
4.71239      3.14159        0.14604
4.71239      4.71239        0.0643483

