0      0        0.000233156
0      1.5708        0.000445281
0      3.14159        0.000656531
0      4.71239        0.000445281

1.5708      0        0.000184969
1.5708      1.5708        0.000393219
1.5708      3.14159        0.000600219
1.5708      4.71239        0.000393219

3.14159      0        0.000141281
3.14159      1.5708        0.000345156
3.14159      3.14159        0.000547406
3.14159      4.71239        0.000345156

4.71239      0        0.000184969
4.71239      1.5708        0.000393219
4.71239      3.14159        0.000600219
4.71239      4.71239        0.000393219

