0      0        0.000439434
0      1.5708        0.000783371
0      3.14159        0.00112906
0      4.71239        0.000783371

1.5708      0        0.000346152
1.5708      1.5708        0.00068409
1.5708      3.14159        0.0010194
1.5708      4.71239        0.00068409

3.14159      0        0.000269621
3.14159      1.5708        0.000597059
3.14159      3.14159        0.000920496
3.14159      4.71239        0.000597059

4.71239      0        0.000346152
4.71239      1.5708        0.00068409
4.71239      3.14159        0.0010194
4.71239      4.71239        0.00068409

