0      0        0.00812264
0      1.5708        0.0455068
0      3.14159        0.0947214
0      4.71239        0.0455068

1.5708      0        0.0273669
1.5708      1.5708        0.0635425
1.5708      3.14159        0.143322
1.5708      4.71239        0.0635514

3.14159      0        0.0429442
3.14159      1.5708        0.0866291
3.14159      3.14159        0.964401
3.14159      4.71239        0.0866291

4.71239      0        0.0273669
4.71239      1.5708        0.0635514
4.71239      3.14159        0.143322
4.71239      4.71239        0.0635425

