0      0        0.000353691
0      1.5708        0.000657816
0      3.14159        0.000961066
0      4.71239        0.000657816

1.5708      0        0.000285379
1.5708      1.5708        0.000583004
1.5708      3.14159        0.000878004
1.5708      4.71239        0.000583004

3.14159      0        0.000227566
3.14159      1.5708        0.000516691
3.14159      3.14159        0.000802441
3.14159      4.71239        0.000516691

4.71239      0        0.000285379
4.71239      1.5708        0.000583004
4.71239      3.14159        0.000878004
4.71239      4.71239        0.000583004

