0      0        0.00117728
0      1.5708        0.00179554
0      3.14159        0.00244768
0      4.71239        0.00179554

1.5708      0        0.000938543
1.5708      1.5708        0.00158368
1.5708      3.14159        0.00221007
1.5708      4.71239        0.00158368

3.14159      0        0.000825309
3.14159      1.5708        0.00143089
3.14159      3.14159        0.00201709
3.14159      4.71239        0.00143089

4.71239      0        0.000938543
4.71239      1.5708        0.00158368
4.71239      3.14159        0.00221007
4.71239      4.71239        0.00158368

