0      0        0.000167453
0      1.5708        0.000324266
0      3.14159        0.000480578
0      4.71239        0.000324266

1.5708      0        0.000131391
1.5708      1.5708        0.000285828
1.5708      3.14159        0.000439641
1.5708      4.71239        0.000285828

3.14159      0        9.73281e-05
3.14159      1.5708        0.000249391
3.14159      3.14159        0.000400703
3.14159      4.71239        0.000249391

4.71239      0        0.000131391
4.71239      1.5708        0.000285828
4.71239      3.14159        0.000439641
4.71239      4.71239        0.000285828

