0      0        0.00122567
0      1.5708        0.0341139
0      3.14159        0.037904
0      4.71239        0.0341139

1.5708      0        0.0205878
1.5708      1.5708        0.0347835
1.5708      3.14159        0.0361744
1.5708      4.71239        0.0347848

3.14159      0        0.032839
3.14159      1.5708        0.0344045
3.14159      3.14159        0.0346208
3.14159      4.71239        0.0344045

4.71239      0        0.0205877
4.71239      1.5708        0.0347848
4.71239      3.14159        0.0361744
4.71239      4.71239        0.0347835

