0      0        0.00020325
0      1.5708        0.000387375
0      3.14159        0.000571125
0      4.71239        0.000387375

1.5708      0        0.000158344
1.5708      1.5708        0.000339281
1.5708      3.14159        0.000519469
1.5708      4.71239        0.000339281

3.14159      0        0.000116438
3.14159      1.5708        0.000294188
3.14159      3.14159        0.000470812
3.14159      4.71239        0.000294187

4.71239      0        0.000158344
4.71239      1.5708        0.000339281
4.71239      3.14159        0.000519469
4.71239      4.71239        0.000339281

