0      0        0.00156271
0      1.5708        0.00247727
0      3.14159        0.00327892
0      4.71239        0.00247727

1.5708      0        0.00144005
1.5708      1.5708        0.00225214
1.5708      3.14159        0.0030051
1.5708      4.71239        0.00225217

3.14159      0        0.00139014
3.14159      1.5708        0.00210547
3.14159      3.14159        0.00279278
3.14159      4.71239        0.00210547

4.71239      0        0.00144005
4.71239      1.5708        0.00225217
4.71239      3.14159        0.0030051
4.71239      4.71239        0.00225214

