0      0        0.000158094
0      1.5708        0.000305781
0      3.14159        0.000452969
0      4.71239        0.000305781

1.5708      0        0.000123062
1.5708      1.5708        0.0002685
1.5708      3.14159        0.000413437
1.5708      4.71239        0.0002685

3.14159      0        8.97813e-05
3.14159      1.5708        0.000232969
3.14159      3.14159        0.000375656
3.14159      4.71239        0.000232969

4.71239      0        0.000123063
4.71239      1.5708        0.0002685
4.71239      3.14159        0.000413438
4.71239      4.71239        0.0002685

