0      0        0.00142104
0      1.5708        0.00654269
0      3.14159        0.00749612
0      4.71239        0.00654269

1.5708      0        0.00502939
1.5708      1.5708        0.00623712
1.5708      3.14159        0.00707916
1.5708      4.71239        0.00623734

3.14159      0        0.00541187
3.14159      1.5708        0.00604683
3.14159      3.14159        0.0067782
3.14159      4.71239        0.00604683

4.71239      0        0.00502939
4.71239      1.5708        0.00623734
4.71239      3.14159        0.00707916
4.71239      4.71239        0.00623712

