0      0        0.000511117
0      1.5708        0.00131933
0      3.14159        0.00193682
0      4.71239        0.00131933

1.5708      0        0.000674922
1.5708      1.5708        0.00132627
1.5708      3.14159        0.00187989
1.5708      4.71239        0.00132626

3.14159      0        0.000789289
3.14159      1.5708        0.00133314
3.14159      3.14159        0.00183227
3.14159      4.71239        0.00133314

4.71239      0        0.000674922
4.71239      1.5708        0.00132626
4.71239      3.14159        0.00187989
4.71239      4.71239        0.00132627

