0      0        0.000229445
0      1.5708        0.00049907
0      3.14159        0.00076182
0      4.71239        0.00049907

1.5708      0        0.000216414
1.5708      1.5708        0.000477477
1.5708      3.14159        0.000732414
1.5708      4.71239        0.000477477

3.14159      0        0.000206133
3.14159      1.5708        0.000458633
3.14159      3.14159        0.000705758
3.14159      4.71239        0.000458633

4.71239      0        0.000216414
4.71239      1.5708        0.000477477
4.71239      3.14159        0.000732414
4.71239      4.71239        0.000477477

