0      0        0.000186031
0      1.5708        0.000362969
0      3.14159        0.000539281
0      4.71239        0.000362969

1.5708      0        0.000149219
1.5708      1.5708        0.000323344
1.5708      3.14159        0.000496469
1.5708      4.71239        0.000323344

3.14159      0        0.000114906
3.14159      1.5708        0.000286219
3.14159      3.14159        0.000456156
3.14159      4.71239        0.000286219

4.71239      0        0.000149219
4.71239      1.5708        0.000323344
4.71239      3.14159        0.000496469
4.71239      4.71239        0.000323344

