0      0        0.000188813
0      1.5708        0.000360187
0      3.14159        0.000531438
0      4.71239        0.000360187

1.5708      0        0.000146281
1.5708      1.5708        0.000314844
1.5708      3.14159        0.000482906
1.5708      4.71239        0.000314844

3.14159      0        0.00010625
3.14159      1.5708        0.000272
3.14159      3.14159        0.000436875
3.14159      4.71239        0.000272

4.71239      0        0.000146281
4.71239      1.5708        0.000314844
4.71239      3.14159        0.000482906
4.71239      4.71239        0.000314844

