0      0        0.000248492
0      1.5708        0.00047625
0      3.14159        0.000703008
0      4.71239        0.00047625

1.5708      0        0.000199836
1.5708      1.5708        0.000423219
1.5708      3.14159        0.000645102
1.5708      4.71239        0.000423219

3.14159      0        0.00015618
3.14159      1.5708        0.000374688
3.14159      3.14159        0.000591195
3.14159      4.71239        0.000374688

4.71239      0        0.000199836
4.71239      1.5708        0.000423219
4.71239      3.14159        0.000645102
4.71239      4.71239        0.000423219

