0      0        0.000336754
0      1.5708        0.00082466
0      3.14159        0.00125819
0      4.71239        0.00082466

1.5708      0        0.000385895
1.5708      1.5708        0.000827004
1.5708      3.14159        0.00123133
1.5708      4.71239        0.000826973

3.14159      0        0.000428785
3.14159      1.5708        0.000830566
3.14159      3.14159        0.00120822
3.14159      4.71239        0.000830566

4.71239      0        0.000385895
4.71239      1.5708        0.000826973
4.71239      3.14159        0.00123133
4.71239      4.71239        0.000827004

