0      0        0.000737043
0      1.5708        0.00134086
0      3.14159        0.00191792
0      4.71239        0.00134086

1.5708      0        0.000663762
1.5708      1.5708        0.0012342
1.5708      3.14159        0.00178001
1.5708      4.71239        0.0012342

3.14159      0        0.00062398
3.14159      1.5708        0.00115404
3.14159      3.14159        0.00166561
3.14159      4.71239        0.00115404

4.71239      0        0.000663762
4.71239      1.5708        0.0012342
4.71239      3.14159        0.00178001
4.71239      4.71239        0.0012342

