0      0        0.00120075
0      1.5708        0.0173385
0      3.14159        0.018561
0      4.71239        0.0173385

1.5708      0        0.0139572
1.5708      1.5708        0.0164099
1.5708      3.14159        0.0174415
1.5708      4.71239        0.0164086

3.14159      0        0.015563
3.14159      1.5708        0.0158399
3.14159      3.14159        0.0166813
3.14159      4.71239        0.0158399

4.71239      0        0.0139572
4.71239      1.5708        0.0164086
4.71239      3.14159        0.0174415
4.71239      4.71239        0.0164099

