0      0        0.000313902
0      1.5708        0.00166689
0      3.14159        0.00237907
0      4.71239        0.00166689

1.5708      0        0.000919262
1.5708      1.5708        0.00181702
1.5708      3.14159        0.00240521
1.5708      4.71239        0.00181699

3.14159      0        0.00131378
3.14159      1.5708        0.00193364
3.14159      3.14159        0.00242539
3.14159      4.71239        0.00193364

4.71239      0        0.000919262
4.71239      1.5708        0.00181699
4.71239      3.14159        0.00240521
4.71239      4.71239        0.00181702

