0      0        0.00328427
0      1.5708        0.0628395
0      3.14159        0.125655
0      4.71239        0.0628395

1.5708      0        0.0161309
1.5708      1.5708        0.0741791
1.5708      3.14159        0.182158
1.5708      4.71239        0.0741839

3.14159      0        0.0260853
3.14159      1.5708        0.087189
3.14159      3.14159        0.696428
3.14159      4.71239        0.087189

4.71239      0        0.0161309
4.71239      1.5708        0.0741839
4.71239      3.14159        0.182158
4.71239      4.71239        0.0741791

