0      0        0.00381532
0      1.5708        0.0608495
0      3.14159        0.0826829
0      4.71239        0.0608495

1.5708      0        0.0186667
1.5708      1.5708        0.0576707
1.5708      3.14159        0.107069
1.5708      4.71239        0.0577201

3.14159      0        0.031487
3.14159      1.5708        0.0548085
3.14159      3.14159        0.144046
3.14159      4.71239        0.0548085

4.71239      0        0.0186667
4.71239      1.5708        0.0577201
4.71239      3.14159        0.107069
4.71239      4.71239        0.0576707

