0      0        0.00853717
0      1.5708        0.0468424
0      3.14159        0.0864562
0      4.71239        0.0468424

1.5708      0        0.0282729
1.5708      1.5708        0.0612373
1.5708      3.14159        0.127167
1.5708      4.71239        0.0612517

3.14159      0        0.0437416
3.14159      1.5708        0.0782644
3.14159      3.14159        0.808949
3.14159      4.71239        0.0782644

4.71239      0        0.0282729
4.71239      1.5708        0.0612517
4.71239      3.14159        0.127167
4.71239      4.71239        0.0612373

