0      0        0.000449379
0      1.5708        0.00350672
0      3.14159        0.0044511
0      4.71239        0.00350672

1.5708      0        0.00218154
1.5708      1.5708        0.00366755
1.5708      3.14159        0.00440247
1.5708      4.71239        0.00366768

3.14159      0        0.00301863
3.14159      1.5708        0.00377616
3.14159      3.14159        0.00435847
3.14159      4.71239        0.00377616

4.71239      0        0.00218154
4.71239      1.5708        0.00366768
4.71239      3.14159        0.00440247
4.71239      4.71239        0.00366755

