0      0        0.000667176
0      1.5708        0.0135685
0      3.14159        0.0143065
0      4.71239        0.0135685

1.5708      0        0.00995075
1.5708      1.5708        0.0130823
1.5708      3.14159        0.0137444
1.5708      4.71239        0.0130827

3.14159      0        0.0123395
3.14159      1.5708        0.0127549
3.14159      3.14159        0.0133142
3.14159      4.71239        0.0127549

4.71239      0        0.00995075
4.71239      1.5708        0.0130827
4.71239      3.14159        0.0137444
4.71239      4.71239        0.0130823

