0      0        0.000299199
0      1.5708        0.000606223
0      3.14159        0.000907996
0      4.71239        0.000606223

1.5708      0        0.000265293
1.5708      1.5708        0.000563316
1.5708      3.14159        0.00085609
1.5708      4.71239        0.000563316

3.14159      0        0.000237637
3.14159      1.5708        0.00052616
3.14159      3.14159        0.000809434
3.14159      4.71239        0.00052616

4.71239      0        0.000265293
4.71239      1.5708        0.000563316
4.71239      3.14159        0.00085609
4.71239      4.71239        0.000563316

