0      0        0.000874785
0      1.5708        0.0188599
0      3.14159        0.0198851
0      4.71239        0.0188599

1.5708      0        0.0142482
1.5708      1.5708        0.0179408
1.5708      3.14159        0.0188007
1.5708      4.71239        0.0179396

3.14159      0        0.0170962
3.14159      1.5708        0.0173276
3.14159      3.14159        0.0180154
3.14159      4.71239        0.0173276

4.71239      0        0.0142482
4.71239      1.5708        0.0179396
4.71239      3.14159        0.0188007
4.71239      4.71239        0.0179408

