0      0        0.000139969
0      1.5708        0.000270406
0      3.14159        0.000400594
0      4.71239        0.000270406

1.5708      0        0.000107687
1.5708      1.5708        0.000236375
1.5708      3.14159        0.000364812
1.5708      4.71239        0.000236375

3.14159      0        7.69062e-05
3.14159      1.5708        0.000203844
3.14159      3.14159        0.000330531
3.14159      4.71239        0.000203844

4.71239      0        0.000107688
4.71239      1.5708        0.000236375
4.71239      3.14159        0.000364813
4.71239      4.71239        0.000236375

