0      0        0.000813094
0      1.5708        0.00167607
0      3.14159        0.00236833
0      4.71239        0.00167607

1.5708      0        0.000891141
1.5708      1.5708        0.00160041
1.5708      3.14159        0.0022322
1.5708      4.71239        0.00160043

3.14159      0        0.000938938
3.14159      1.5708        0.00154652
3.14159      3.14159        0.00212183
3.14159      4.71239        0.00154652

4.71239      0        0.000891141
4.71239      1.5708        0.00160043
4.71239      3.14159        0.0022322
4.71239      4.71239        0.00160041

