0      0        0.000148781
0      1.5708        0.000287781
0      3.14159        0.000426281
0      4.71239        0.000287781

1.5708      0        0.000115125
1.5708      1.5708        0.000252062
1.5708      3.14159        0.0003885
1.5708      4.71239        0.000252062

3.14159      0        8.29688e-05
3.14159      1.5708        0.000217844
3.14159      3.14159        0.000352219
3.14159      4.71239        0.000217844

4.71239      0        0.000115125
4.71239      1.5708        0.000252063
4.71239      3.14159        0.0003885
4.71239      4.71239        0.000252063

