0      0        0.000298141
0      1.5708        0.000554328
0      3.14159        0.000810391
0      4.71239        0.000554328

1.5708      0        0.000234375
1.5708      1.5708        0.000485687
1.5708      3.14159        0.0007355
1.5708      4.71239        0.000485687

3.14159      0        0.000178109
3.14159      1.5708        0.000423047
3.14159      3.14159        0.000666109
3.14159      4.71239        0.000423047

4.71239      0        0.000234375
4.71239      1.5708        0.000485688
4.71239      3.14159        0.0007355
4.71239      4.71239        0.000485688

