0      0        0.00396041
0      1.5708        0.0543828
0      3.14159        0.073202
0      4.71239        0.0543828

1.5708      0        0.0185898
1.5708      1.5708        0.0524456
1.5708      3.14159        0.089657
1.5708      4.71239        0.052472

3.14159      0        0.0310017
3.14159      1.5708        0.0506903
3.14159      3.14159        0.110309
3.14159      4.71239        0.0506903

4.71239      0        0.0185898
4.71239      1.5708        0.052472
4.71239      3.14159        0.089657
4.71239      4.71239        0.0524456

