0      0        0.000280164
0      1.5708        0.000548102
0      3.14159        0.000813914
0      4.71239        0.000548102

1.5708      0        0.000235477
1.5708      1.5708        0.000497414
1.5708      3.14159        0.000756727
1.5708      4.71239        0.000497414

3.14159      0        0.000196789
3.14159      1.5708        0.000452227
3.14159      3.14159        0.000704539
3.14159      4.71239        0.000452227

4.71239      0        0.000235477
4.71239      1.5708        0.000497414
4.71239      3.14159        0.000756727
4.71239      4.71239        0.000497414

