0      0        0.000927707
0      1.5708        0.00146802
0      3.14159        0.00203121
0      4.71239        0.00146802

1.5708      0        0.000730621
1.5708      1.5708        0.00128312
1.5708      3.14159        0.0018255
1.5708      4.71239        0.00128312

3.14159      0        0.000614785
3.14159      1.5708        0.00114047
3.14159      3.14159        0.00165304
3.14159      4.71239        0.00114047

4.71239      0        0.000730621
4.71239      1.5708        0.00128312
4.71239      3.14159        0.0018255
4.71239      4.71239        0.00128312

