0      0        0.00019525
0      1.5708        0.000383625
0      3.14159        0.00057125
0      4.71239        0.000383625

1.5708      0        0.000159062
1.5708      1.5708        0.00034425
1.5708      3.14159        0.000528312
1.5708      4.71239        0.00034425

3.14159      0        0.000125625
3.14159      1.5708        0.000307625
3.14159      3.14159        0.000488125
3.14159      4.71239        0.000307625

4.71239      0        0.000159063
4.71239      1.5708        0.00034425
4.71239      3.14159        0.000528313
4.71239      4.71239        0.00034425

