0      0        0.000462691
0      1.5708        0.000952855
0      3.14159        0.00141427
0      4.71239        0.000952855

1.5708      0        0.00044659
1.5708      1.5708        0.000905066
1.5708      3.14159        0.00134179
1.5708      4.71239        0.000905066

3.14159      0        0.000438988
3.14159      1.5708        0.000867277
3.14159      3.14159        0.00127982
3.14159      4.71239        0.000867277

4.71239      0        0.00044659
4.71239      1.5708        0.000905066
4.71239      3.14159        0.00134179
4.71239      4.71239        0.000905066

