0      0        0.00105173
0      1.5708        0.0157403
0      3.14159        0.016522
0      4.71239        0.0157403

1.5708      0        0.0130154
1.5708      1.5708        0.014862
1.5708      3.14159        0.0156423
1.5708      4.71239        0.0148624

3.14159      0        0.0141524
3.14159      1.5708        0.0143422
3.14159      3.14159        0.0150423
3.14159      4.71239        0.0143422

4.71239      0        0.0130154
4.71239      1.5708        0.0148624
4.71239      3.14159        0.0156423
4.71239      4.71239        0.014862

