0      0        0.00871631
0      1.5708        0.0476792
0      3.14159        0.0978476
0      4.71239        0.0476792

1.5708      0        0.0261152
1.5708      1.5708        0.0641597
1.5708      3.14159        0.144098
1.5708      4.71239        0.0641686

3.14159      0        0.0403204
3.14159      1.5708        0.0847392
3.14159      3.14159        0.908536
3.14159      4.71239        0.0847392

4.71239      0        0.0261152
4.71239      1.5708        0.0641686
4.71239      3.14159        0.144098
4.71239      4.71239        0.0641597

