0      0        0.000639316
0      1.5708        0.00112136
0      3.14159        0.00160394
0      4.71239        0.00112136

1.5708      0        0.000530121
1.5708      1.5708        0.00100287
1.5708      3.14159        0.00146675
1.5708      4.71239        0.00100287

3.14159      0        0.000455926
3.14159      1.5708        0.000907879
3.14159      3.14159        0.00134955
3.14159      4.71239        0.000907879

4.71239      0        0.000530121
4.71239      1.5708        0.00100287
4.71239      3.14159        0.00146675
4.71239      4.71239        0.00100287

