0      0        0.00186625
0      1.5708        0.0514754
0      3.14159        0.0760322
0      4.71239        0.0514754

1.5708      0        0.0218245
1.5708      1.5708        0.0560367
1.5708      3.14159        0.0701256
1.5708      4.71239        0.0560292

3.14159      0        0.0370735
3.14159      1.5708        0.0647217
3.14159      3.14159        0.0642554
3.14159      4.71239        0.0647217

4.71239      0        0.0218245
4.71239      1.5708        0.0560292
4.71239      3.14159        0.0701256
4.71239      4.71239        0.0560367

