0      0        0.000416844
0      1.5708        0.000793375
0      3.14159        0.00116572
0      4.71239        0.000793375

1.5708      0        0.000356422
1.5708      1.5708        0.000722422
1.5708      3.14159        0.00108217
1.5708      4.71239        0.000722422

3.14159      0        0.00030975
3.14159      1.5708        0.000662219
3.14159      3.14159        0.00100837
3.14159      4.71239        0.000662219

4.71239      0        0.000356422
4.71239      1.5708        0.000722422
4.71239      3.14159        0.00108217
4.71239      4.71239        0.000722422

