0      0        0.000918086
0      1.5708        0.00663732
0      3.14159        0.00761471
0      4.71239        0.00663732

1.5708      0        0.00474702
1.5708      1.5708        0.00649227
1.5708      3.14159        0.00729011
1.5708      4.71239        0.00649242

3.14159      0        0.00577501
3.14159      1.5708        0.00638543
3.14159      3.14159        0.0070432
3.14159      4.71239        0.00638543

4.71239      0        0.00474702
4.71239      1.5708        0.00649242
4.71239      3.14159        0.00729011
4.71239      4.71239        0.00649227

