0      0        0.000564117
0      1.5708        0.000989
0      3.14159        0.00141638
0      4.71239        0.000989

1.5708      0        0.00045532
1.5708      1.5708        0.000873437
1.5708      3.14159        0.00128618
1.5708      4.71239        0.000873437

3.14159      0        0.000374742
3.14159      1.5708        0.000777125
3.14159      3.14159        0.00117226
3.14159      4.71239        0.000777125

4.71239      0        0.00045532
4.71239      1.5708        0.000873438
4.71239      3.14159        0.00128618
4.71239      4.71239        0.000873438

