1.0  0.000927707        0.00203121       0.000614785       0.00165304
2.0  0.00117728        0.00244768       0.000825309       0.00201709
3.0  0.00156271        0.00327892       0.00139014       0.00279278
3.5  0.00142104        0.00749612       0.00541187       0.0067782
4.0  0.00105173        0.016522       0.0141524       0.0150423
4.5  0.00120075        0.018561       0.015563       0.0166813
5.0  0.00172165        0.0270537       0.0234922       0.0239105
6.0  0.00186625        0.0760322       0.0370735       0.0642554
7.0  0.00401856        0.118349       0.0293532       0.724657
7.5  0.00871631        0.0978476       0.0403204       0.908536
