0.1      -0.0016345
0.3      -0.00167475
0.5      -0.001715
0.7      -0.00175875
1.0      -0.00182525
1.3      -0.00189875
1.6      -0.001974
2.0      -0.0020825
2.5      -0.0022295
3.0      -0.002387
3.5      -0.00256025
4.0      -0.002752
5.0      -0.0032305
6.0      -0.00420325
6.5      -0.00618375
7.0      -0.04657122
7.5      -0.1037649
8.0      -0.021943
8.5      0.03253615
8.75      0.01667518
9.0      -0.0059535
9.5      -0.000625375
10.0      1.825e-05
11.0      0.000133375
12.0      0.000109625
