0.1	0.14314	1.85644
0.3	0.144198	1.85582
0.5	0.145321	1.85468
0.7	0.146641	1.85336
1.0	0.149111	1.85089
1.3	0.152214	1.84779
1.6	0.156056	1.84394
2.0	0.162704	1.8373
2.5	0.176501	1.8235
3.0  0.252522 1.74748
3.5  0.308224 1.69178
4.0  0.350145 1.64985
4.5  0.45903 1.54097
5.0  0.617894 1.38211
5.25  0.743327 1.25667
5.5  0.870971 1.12903
5.75  0.958128 1.04187
6.0  0.978864 1.02114
6.25  0.987247 1.01275
6.5  0.991256 1.00874
7.0  0.995077 1.00492
7.5  0.996825 1.00318
8.0  0.997777 1.00222
8.5  0.998359 1.00164
9.0  0.998742 1.00126
9.5  0.999008 1.00099
10.0  0.9992 1.0008
11.0  0.999452 1.00055
12.0  0.999605 1.00039
