1.0  0.0021725        0.0021725        0.004346
2.0  0.002327        0.002327        0.0046555
3.0  0.00249062        0.00249056        0.00498425
4.0  0.0026635        0.0026635        0.005332
5.0  0.002846        0.002846        0.005701
6.0  0.00304062        0.00304062        0.00609856
7.0  0.00325612        0.00325612        0.00654737
8.0  0.00352269        0.00352269        0.00712375
9.0  0.00398056        0.00398056        0.00818681
10.0  0.00666625        0.00666625        0.0149746
10.5  0.09979        0.09979        0.256175
11.0  0.296769        0.296769        0.775735
11.5  0.565699        0.5657        1.49616
12.0  0.733768        0.733768        1.95091
