4.5  0.702955        0.702955        1.84168
5.0  0.711645        0.711645        1.87106
5.5  0.71843        0.71843        1.89402
6.0  0.723196        0.723196        1.91007
6.5  0.727178        0.727178        1.92349
7.0  0.73029        0.73029        1.93397
7.5  0.732767        0.732767        1.9423
8.0  0.734807        0.734807        1.94915
8.5  0.736508        0.736508        1.95486
9.0  0.73794        0.73794        1.95966
9.5  0.739156        0.739156        1.96374
10.0  0.740201        0.740201        1.96725
11.0  0.741884        0.741884        1.97288
12.0  0.743171        0.743171        1.97719
