0.1	0.0992364	0.0989635	0.198416
0.3	0.100316	0.100331	0.201356
0.5	0.101543	0.101542	0.204354
0.7	0.102709	0.102709	0.207307
1.0	0.104485	0.104485	0.211918
1.3	0.10636	0.10636	0.216893
1.6	0.108437	0.108437	0.222468
2.0	0.11183	0.11183	0.231538
2.5	0.119291	0.119291	0.25056
3.0  0.171569        0.171569        0.373433
3.5  0.210531        0.210531        0.472197
4.0  0.238626        0.238625        0.550463
4.5  0.315719        0.315719        0.762517
5.0  0.433074        0.433074        1.08801
5.25  0.527045        0.527044        1.35215
5.5  0.623424        0.623424        1.62311
5.75  0.690453        0.690453        1.81392
6.0  0.708291        0.708291        1.86619
6.25  0.716626        0.716626        1.89123
6.5  0.721514        0.721514        1.90643
7.0  0.727335        0.727335        1.92491
7.5  0.731039        0.731039        1.93694
8.0  0.733699        0.733699        1.94569
8.5  0.735754        0.735754        1.95249
9.0  0.737404        0.737404        1.95797
9.5  0.738763        0.738763        1.96249
10.0  0.739902        0.739902        1.96629
11.0  0.741705        0.741705        1.97231
12.0  0.743056        0.743056        1.97682
