4.5  0.696205        0.696205        1.82089
5.0  0.708554        0.708554        1.86149
5.5  0.716598        0.716598        1.88823
6.0  0.722275        0.722275        1.9072
6.5  0.726602        0.726602        1.9217
7.0  0.729806        0.729806        1.93241
7.5  0.732483        0.732483        1.94139
8.0  0.734605        0.734605        1.9485
8.5  0.736361        0.73636        1.95439
9.0  0.737829        0.737829        1.95931
9.5  0.739071        0.739071        1.96347
10.0  0.740134        0.740133        1.96703
11.0  0.741843        0.741843        1.97275
12.0  0.743144        0.743144        1.9771
