1.0  0.001666        0.001666        0.003332
2.0  0.001768        0.001768        0.00353675
3.0  0.0018755        0.0018755        0.0037525
4.0  0.001988        0.001988        0.003978
5.0  0.0021055        0.0021055        0.0042145
6.0  0.00222675        0.00222675        0.00446044
7.0  0.002356        0.002356        0.0047235
8.0  0.00249375        0.00249375        0.00500925
9.0  0.0026555        0.0026555        0.00535587
10.0  0.00288625        0.00288625        0.00587725
11.0  0.003493        0.003493        0.00736925
11.5  0.004978        0.004978        0.0111809
12.0  0.0904086        0.0904086        0.234106
