1.0  0.0103353        0.0103353        0.0206884
2.0  0.0127324        0.0127324        0.0255522
3.0  0.0177529        0.0177533        0.0360889
3.5  0.0448853        0.0448838        0.0954523
4.0  0.101949        0.101949        0.223698
4.5  0.110269        0.110268        0.246797
5.0  0.149281        0.149281        0.346993
7.0  0.691677        0.691677        1.8246
7.5  0.724276        0.724276        1.91734
8.0	0.731063	0.731063	1.9379
8.5	0.734349	0.734349	1.94823
9.0	0.736615	0.736615	1.95556
10.0	0.739558	0.739558	1.96522
11.0	0.741523	0.741523	1.97173
12.0	0.742948	0.742948	1.97647
