0.1  0.106775        0.106775        0.213798
0.5  0.110852        0.110852        0.223131
1.0  0.117317        0.117317        0.238073
1.5  0.144275        0.144275        0.297236
2.0  0.195803        0.195803        0.414439
5.5  0.706933        0.706933        1.85941
6.0  0.71831        0.71831        1.89515
7.0  0.728742        0.728742        1.92914
8.0  0.734144        0.734144        1.94706
9.0  0.737599        0.737599        1.95858
10.0  0.740004        0.740004        1.96661
11.0  0.741765        0.741765        1.9725
12.0  0.743091        0.743091        1.97693
