1.0  0.00724575        0.00724575        0.0144996
2.0  0.00839875        0.00839875        0.016828
3.0  0.00986238        0.00986238        0.0198261
4.0  0.0123257        0.0123258        0.0250853
5.0  0.0737541        0.0737542        0.166978
5.5  0.107502        0.107502        0.249674
6.0  0.177421        0.177421        0.429902
7.5  0.637455        0.637455        1.67746
8.0  0.723428        0.723428        1.91635
8.5  0.732113        0.732113        1.94178
9.0  0.735624        0.735624        1.95264
10.0  0.739239        0.739239        1.96425
11.0  0.741376        0.741376        1.97127
12.0  0.742868        0.742868        1.97622
