1.0  0.000927707        0.00203121       0.000614785       0.00165304
2.0  0.00117728        0.00244768       0.000825309       0.00201709
3.0  0.00156271        0.00327892       0.00139014       0.00279278
3.5  0.00142104        0.00749612       0.00541187       0.0067782
4.0  0.00105173        0.016522       0.0141524       0.0150423
4.5  0.00120075        0.018561       0.015563       0.0166813
5.0  0.00172165        0.0270537       0.0234922       0.0239105
7.0  0.00401856        0.118349       0.0293532       0.724657
7.5  0.00871631        0.0978476       0.0403204       0.908536
8.0	0.006899	0.0963212	0.0417005	0.934434
8.5	0.00805874	0.092708	0.0436693	0.952206
9.0	0.0066482	0.0935267	0.0435104	0.956717
10.0	0.00596973	0.0928817	0.0441455	0.965059
11.0	0.00573659	0.0923337	0.044589	0.970825
12.0	0.00535154	0.0921264	0.0448237	0.974422
