1.0  0.000188813        0.000531438       0.00010625       0.000436875
2.0  0.00020325        0.000571125       0.000116438       0.000470812
3.0  0.000218172        0.000612672       0.000128172       0.000507422
4.0  0.000233156        0.000656531       0.000141281       0.000547406
5.0  0.000248492        0.000703008       0.00015618       0.000591195
6.0  0.000263996        0.000753543       0.000173746       0.000641293
7.0  0.000280164        0.000813914       0.000196789       0.000704539
8.0  0.000299199        0.000907996       0.000237637       0.000809434
9.0  0.000336754        0.00125819       0.000428785       0.00120822
9.5  0.000449379        0.0044511       0.00301863       0.00435847
10.0  0.00122567        0.037904       0.032839       0.0346208
11.0  0.00328427        0.125655       0.0260853       0.696428
11.5  0.00826021        0.0979366       0.0410132       0.942013
12.0  0.00812264        0.0947214       0.0429442       0.964401
