4.0  0.00866184        0.0873452       0.0441304       0.852207
4.5  0.00855758        0.0880497       0.0444072       0.881988
5.0  0.00817551        0.0883595       0.0447679       0.903334
5.5  0.00792755        0.0894218       0.0445485       0.918999
6.0  0.00722618        0.0905209       0.0443092       0.929509
6.5  0.00687705        0.0907042       0.0444804       0.938513
7.0  0.00569492        0.0919691       0.0441717       0.942508
7.5  0.00694625        0.090051       0.0451991       0.952877
8.0  0.00535622        0.0918965       0.0445298       0.953609
8.5  0.00522455        0.0918417       0.044672       0.957905
9.0  0.00511542        0.0918001       0.0447956       0.961502
9.5  0.00504349        0.0917149       0.0449104       0.964679
10.0  0.00494465        0.0917058       0.0449954       0.967247
11.0  0.00479086        0.0916078       0.0451544       0.971551
12.0  0.00464513        0.0914923       0.0452868       0.974909
