1.0  0.000439434        0.00112906       0.000269621       0.000920496
2.0  0.000498355        0.00126345       0.000316012       0.00103542
3.0  0.000564117        0.00141638       0.000374742       0.00117226
4.0  0.000639316        0.00160394       0.000455926       0.00134955
5.0  0.000737043        0.00191792       0.00062398       0.00166561
5.5  0.000813094        0.00236833       0.000938938       0.00212183
6.0  0.000918086        0.00761471       0.00577501       0.0070432
6.5  0.000874785        0.0198851       0.0170962       0.0180154
7.0  0.00109922        0.0416262       0.0368307       0.0364713
8.5  0.00600999        0.108399       0.0351074       0.853572
9.0	0.00697962	0.0979547	0.0409057	0.933195
9.5	0.0081943	0.0935409	0.043322	0.955707
10.0	0.00660195	0.094179	0.0432848	0.960608
11.0	0.00624027	0.0929609	0.0441411	0.969337
12.0	0.00603429	0.0923051	0.0446315	0.974317
