0.1	0.006549	0.009335
0.3	0.006679	0.009532
0.5	0.006813	0.009734
0.7	0.006949	0.00994
1.0	0.007159	0.010258
1.3	0.00737512	0.010588
1.6	0.007599	0.010928
2.0	0.007909	0.0114
2.5	0.008315	0.012022
3.0	0.008745	0.0126833
3.5	0.009204	0.013394
4.0	0.009702	0.014171
5.0	0.010909	0.0161016
6.0	0.0130755	0.0199475
6.5	0.0162841	0.0270697
7.0	0.0557469	0.155122
7.5	0.208764	0.441613
8.0  0.65493      0.698157
8.5  1.20959      1.12552
8.75  1.53762      1.49097
9.0  1.85327      1.85979
9.5  1.94746      1.9409
10.0	1.9622	1.95467
11.0	1.97275	1.96612
12.0	1.97814	1.97255
