0.1      -0.0965588
0.3      -0.0961908
0.5      -0.0959415
0.7      -0.0957854
1.0      -0.0957313
1.3      -0.0958342
1.6      -0.0960181
2.0      -0.0960946
2.5      -0.09338
3.0      -0.04308185
3.5      -0.02260295
4.0      -0.02968466
4.5      0.00531887
5.0      0.06010235
5.25      0.01651268
5.5      0.002731246
5.75      -0.003919495
6.0      -0.00153662
6.25      -0.0004055
6.5      -8.775e-05
7.0      0.00017075
7.5      0.0001925
8.0      0.0001765
8.5      0.00015275
9.0      0.00012875
9.5      0.000107125
10.0      9.1125e-05
11.0      6.5875e-05
12.0      4.9375e-05
